  0.0000000e+000,  6.5731830e-003,
  2.5000000e+002,  4.4720258e-003,
  5.0000000e+002,  1.2835566e-003,
  7.5000000e+002,  9.1976733e-005,
  1.0000000e+003,  4.0520499e-005,
  1.2500000e+003,  2.9082196e-005,
  1.5000000e+003,  2.3979738e-005,
  1.7500000e+003,  2.4109946e-005,
  2.0000000e+003,  2.5589747e-005,
  2.2500000e+003,  2.1723216e-005,
  2.5000000e+003,  1.9440718e-005,
  2.7500000e+003,  1.9732393e-005,
  3.0000000e+003,  1.9283445e-005,
  3.2500000e+003,  1.9467055e-005,
  3.5000000e+003,  1.9140395e-005,
  3.7500000e+003,  1.8629101e-005,
  4.0000000e+003,  2.0356474e-005,
  4.2500000e+003,  1.9920277e-005,
  4.5000000e+003,  1.9296502e-005,
  4.7500000e+003,  1.9879867e-005,
  5.0000000e+003,  2.0439320e-005,
  5.2500000e+003,  2.0578143e-005,
  5.5000000e+003,  2.0342700e-005,
  5.7500000e+003,  2.4224458e-005,
  6.0000000e+003,  3.4608172e-005,
  6.2500000e+003,  3.7157458e-005,
  6.5000000e+003,  2.7326343e-005,
  6.7500000e+003,  2.0592077e-005,
  7.0000000e+003,  1.9375031e-005,
  7.2500000e+003,  1.8106936e-005,
  7.5000000e+003,  1.8641716e-005,
  7.7500000e+003,  1.9586013e-005,
  8.0000000e+003,  2.0578143e-005,
  8.2500000e+003,  2.0830406e-005,
  8.5000000e+003,  1.9772503e-005,
  8.7500000e+003,  1.9270397e-005,
  9.0000000e+003,  1.8478394e-005,
  9.2500000e+003,  8.1574377e-003,
  9.5000000e+003,  9.8821208e-002,
  9.7500000e+003,  3.4174764e-001,
  1.0000000e+004,  5.0231592e-001,
  1.0250000e+004,  3.4221053e-001,
  1.0500000e+004,  9.9089092e-002,
  1.0750000e+004,  8.1961822e-003,
  1.1000000e+004,  1.7742946e-005,
  1.1250000e+004,  1.8895804e-005,
  1.1500000e+004,  2.0411668e-005,
  1.1750000e+004,  2.2183871e-005,
  1.2000000e+004,  2.3497691e-005,
  1.2250000e+004,  2.2792729e-005,
  1.2500000e+004,  2.1071492e-005,
  1.2750000e+004,  1.9192289e-005,
  1.3000000e+004,  1.9049916e-005,
  1.3250000e+004,  1.9348819e-005,
  1.3500000e+004,  1.8328905e-005,
  1.3750000e+004,  1.8603899e-005,
  1.4000000e+004,  2.0647907e-005,
  1.4250000e+004,  1.9244326e-005,
  1.4500000e+004,  1.8328905e-005,
  1.4750000e+004,  1.8793755e-005,
  1.5000000e+004,  2.2654295e-005,
  1.5250000e+004,  8.1425905e-005,
  1.5500000e+004,  1.9106035e-004,
  1.5750000e+004,  2.0596895e-004,
  1.6000000e+004,  1.0361377e-004,
  1.6250000e+004,  2.8478295e-005,
  1.6500000e+004,  1.8895804e-005,
  1.6750000e+004,  1.8242262e-005,
  1.7000000e+004,  1.8328905e-005,
  1.7250000e+004,  1.8515956e-005,
  1.7500000e+004,  1.8341316e-005,
  1.7750000e+004,  2.0205465e-005,
  1.8000000e+004,  2.0886882e-005,
  1.8250000e+004,  1.8490906e-005,
  1.8500000e+004,  1.8094684e-005,
  1.8750000e+004,  1.9283445e-005,
  1.9000000e+004,  1.8921402e-005,
  1.9250000e+004,  1.9309568e-005,
  1.9500000e+004,  2.1214609e-005,
  1.9750000e+004,  2.9042852e-005,
  2.0000000e+004,  3.7638432e-005,
  2.0250000e+004,  3.0042633e-005,
  2.0500000e+004,  2.0633935e-005,
  2.0750000e+004,  1.9533054e-005,
  2.1000000e+004,  1.9166325e-005,
  2.1250000e+004,  1.7984784e-005,
  2.1500000e+004,  1.7362751e-005,
  2.1750000e+004,  1.8704917e-005,
  2.2000000e+004,  2.0411668e-005,
  2.2250000e+004,  1.9572759e-005,
  2.2500000e+004,  2.0273967e-005,
  2.2750000e+004,  2.0689881e-005,
  2.3000000e+004,  1.9533054e-005,
  2.3250000e+004,  1.8304109e-005,
  2.3500000e+004,  1.8192937e-005,
  2.3750000e+004,  1.9839538e-005,
  2.4000000e+004,  2.1679148e-005,
  2.4250000e+004,  2.1300946e-005,
  2.4500000e+004,  1.9947265e-005,
  2.4750000e+004,  1.8717582e-005,
  2.5000000e+004,  1.7304087e-005,
  2.5250000e+004,  1.7803100e-005,
  2.5500000e+004,  1.9974288e-005,
  2.5750000e+004,  2.5693890e-005,
  2.6000000e+004,  3.2081416e-005,
  2.6250000e+004,  2.8000425e-005,
  2.6500000e+004,  2.2138869e-005,
  2.6750000e+004,  1.9101565e-005,
  2.7000000e+004,  1.7671032e-005,
  2.7250000e+004,  1.7948300e-005,
  2.7500000e+004,  1.9309568e-005,
  2.7750000e+004,  2.2123888e-005,
  2.8000000e+004,  2.3276064e-005,
  2.8250000e+004,  2.0971884e-005,
  2.8500000e+004,  1.9205285e-005,
  2.8750000e+004,  1.8844712e-005,
  2.9000000e+004,  1.8972705e-005,
  2.9250000e+004,  1.9062815e-005,
  2.9500000e+004,  2.8749454e-005,
  2.9750000e+004,  7.7552601e-005,
  3.0000000e+004,  1.1253365e-004,
  3.0250000e+004,  7.9250790e-005,
  3.0500000e+004,  3.1013786e-005,
  3.0750000e+004,  2.5143323e-005,
  3.1000000e+004,  6.6641706e-005,
  3.1250000e+004,  1.0923141e-004,
  3.1500000e+004,  8.6306679e-005,
  3.1750000e+004,  3.5151193e-005,
  3.2000000e+004,  2.0578143e-005,
  3.2250000e+004,  2.0816309e-005,
  3.2500000e+004,  2.0342700e-005,
  3.2750000e+004,  1.9153356e-005,
  3.3000000e+004,  1.9335727e-005,
  3.3250000e+004,  2.0164476e-005,
  3.3500000e+004,  1.9732393e-005,
  3.3750000e+004,  2.0774081e-005,
  3.4000000e+004,  2.2638966e-005,
  3.4250000e+004,  2.0731938e-005,
  3.4500000e+004,  1.9257357e-005,
  3.4750000e+004,  1.9348819e-005,
  3.5000000e+004,  1.8168324e-005,
  3.5250000e+004,  1.7504360e-005,
  3.5500000e+004,  1.9011271e-005,
  3.5750000e+004,  1.9974288e-005,
  3.6000000e+004,  2.0411668e-005,
  3.6250000e+004,  2.0315179e-005,
  3.6500000e+004,  1.9572759e-005,
  3.6750000e+004,  1.8972705e-005,
  3.7000000e+004,  1.8478394e-005,
  3.7250000e+004,  1.8328905e-005,
  3.7500000e+004,  1.8453395e-005,
  3.7750000e+004,  1.9692363e-005,
  3.8000000e+004,  2.1855961e-005,
  3.8250000e+004,  2.0042005e-005,
  3.8500000e+004,  1.7457030e-005,
  3.8750000e+004,  1.7611324e-005,
  3.9000000e+004,  1.8921402e-005,
  3.9250000e+004,  2.0014890e-005,
  3.9500000e+004,  1.9933766e-005,
  3.9750000e+004,  2.0929340e-005,
  4.0000000e+004,  2.1562068e-005,
  4.0250000e+004,  2.0619973e-005,
  4.0500000e+004,  1.8985551e-005,
  4.0750000e+004,  1.8131466e-005,
  4.1000000e+004,  1.8755630e-005,
  4.1250000e+004,  1.9533054e-005,
  4.1500000e+004,  2.0439320e-005,
  4.1750000e+004,  2.1042985e-005,
  4.2000000e+004,  2.1257732e-005,
  4.2250000e+004,  2.0301433e-005,
  4.2500000e+004,  1.9493427e-005,
  4.2750000e+004,  2.0001347e-005,
  4.3000000e+004,  1.9705697e-005,
  4.3250000e+004,  1.9011271e-005,
  4.3500000e+004,  1.8819215e-005,
  4.3750000e+004,  2.0150831e-005,
  4.4000000e+004,  2.1358698e-005,
  4.4250000e+004,  2.0273967e-005,
  4.4500000e+004,  1.9440718e-005,
  4.4750000e+004,  1.9205285e-005,
  4.5000000e+004,  1.9519837e-005,
  4.5250000e+004,  1.9826113e-005,
  4.5500000e+004,  1.9296502e-005,
  4.5750000e+004,  2.1315369e-005,
  4.6000000e+004,  2.4306584e-005,
  4.6250000e+004,  2.1157247e-005,
  4.6500000e+004,  2.7013694e-005,
  4.6750000e+004,  5.8401101e-005,
  4.7000000e+004,  7.0397627e-005,
  4.7250000e+004,  4.3124137e-005,
  4.7500000e+004,  2.1474674e-005,
  4.7750000e+004,  1.9586013e-005,
  4.8000000e+004,  1.9467055e-005,
  4.8250000e+004,  1.9599275e-005,
  4.8500000e+004,  1.9335727e-005,
  4.8750000e+004,  1.8428428e-005,
  4.9000000e+004,  1.8119197e-005,
  4.9250000e+004,  1.9179303e-005,
  4.9500000e+004,  2.1900391e-005,
  4.9750000e+004,  4.2429220e-005,
  5.0000000e+004,  5.9317452e-005,
  5.0250000e+004,  4.2949350e-005,
  5.0500000e+004,  2.2777306e-005,
  5.0750000e+004,  1.9440718e-005,
  5.1000000e+004,  1.9192289e-005,
  5.1250000e+004,  1.9533054e-005,
  5.1500000e+004,  1.9375031e-005,
  5.1750000e+004,  1.9772503e-005,
  5.2000000e+004,  2.0397856e-005,
  5.2250000e+004,  1.9024144e-005,
  5.2500000e+004,  1.7984784e-005,
  5.2750000e+004,  1.8440908e-005,
  5.3000000e+004,  1.8883018e-005,
  5.3250000e+004,  1.9101565e-005,
  5.3500000e+004,  2.0055575e-005,
  5.3750000e+004,  2.1257732e-005,
  5.4000000e+004,  2.3213128e-005,
  5.4250000e+004,  2.4208064e-005,
  5.4500000e+004,  2.2731100e-005,
  5.4750000e+004,  2.0986086e-005,
  5.5000000e+004,  2.1329803e-005,
  5.5250000e+004,  2.0384054e-005,
  5.5500000e+004,  1.9665722e-005,
  5.5750000e+004,  2.0069155e-005,
  5.6000000e+004,  2.0872749e-005,
  5.6250000e+004,  2.0971884e-005,
  5.6500000e+004,  2.0731938e-005,
  5.6750000e+004,  2.0633935e-005,
  5.7000000e+004,  2.0001347e-005,
  5.7250000e+004,  1.8921402e-005,
  5.7500000e+004,  1.9322643e-005,
  5.7750000e+004,  2.1782115e-005,
  5.8000000e+004,  2.3402452e-005,
  5.8250000e+004,  2.1870760e-005,
  5.8500000e+004,  2.1028746e-005,
  5.8750000e+004,  2.0480867e-005,
  5.9000000e+004,  2.0001347e-005,
  5.9250000e+004,  1.9785892e-005,
  5.9500000e+004,  2.1000297e-005,
  5.9750000e+004,  2.3197421e-005,
  6.0000000e+004,  2.5296967e-005,
  6.0250000e+004,  2.2531948e-005,
  6.0500000e+004,  2.0219146e-005,
  6.0750000e+004,  1.9839538e-005,
  6.1000000e+004,  2.0055575e-005,
  6.1250000e+004,  2.0315179e-005,
  6.1500000e+004,  1.9812698e-005,
  6.1750000e+004,  2.0844511e-005,
  6.2000000e+004,  2.2808163e-005,
  6.2250000e+004,  3.1585817e-005,
  6.2500000e+004,  4.8416125e-005,
  6.2750000e+004,  4.5926153e-005,
  6.3000000e+004,  2.8209692e-005,
  6.3250000e+004,  2.0069155e-005,
  6.3500000e+004,  1.8666970e-005,
  6.3750000e+004,  1.9179303e-005,
  6.4000000e+004,  2.2168860e-005,
  6.4250000e+004,  2.3040927e-005,
  6.4500000e+004,  2.0689881e-005,
  6.4750000e+004,  1.9296502e-005,
  6.5000000e+004,  1.9866415e-005,
  6.5250000e+004,  1.9519837e-005,
  6.5500000e+004,  2.0069155e-005,
  6.5750000e+004,  2.2562475e-005,
  6.6000000e+004,  2.4257275e-005,
  6.6250000e+004,  2.1708517e-005,
  6.6500000e+004,  1.9625826e-005,
  6.6750000e+004,  1.9625826e-005,
  6.7000000e+004,  2.0508613e-005,
  6.7250000e+004,  2.0844511e-005,
  6.7500000e+004,  2.0929340e-005,
  6.7750000e+004,  2.0943511e-005,
  6.8000000e+004,  2.0328935e-005,
  6.8250000e+004,  1.9024144e-005,
  6.8500000e+004,  1.9322643e-005,
  6.8750000e+004,  2.0384054e-005,
  6.9000000e+004,  2.0439320e-005,
  6.9250000e+004,  1.9153356e-005,
  6.9500000e+004,  2.0246539e-005,
  6.9750000e+004,  2.6777025e-005,
  7.0000000e+004,  3.2190178e-005,
  7.0250000e+004,  2.5973676e-005,
  7.0500000e+004,  2.0001347e-005,
  7.0750000e+004,  1.9599275e-005,
  7.1000000e+004,  2.0675881e-005,
  7.1250000e+004,  2.1782115e-005,
  7.1500000e+004,  2.1071492e-005,
  7.1750000e+004,  2.0661888e-005,
  7.2000000e+004,  2.1272127e-005,
  7.2250000e+004,  2.0191793e-005,
  7.2500000e+004,  1.8844712e-005,
  7.2750000e+004,  1.9283445e-005,
  7.3000000e+004,  2.0219146e-005,
  7.3250000e+004,  2.1157247e-005,
  7.3500000e+004,  2.1870760e-005,
  7.3750000e+004,  2.2777306e-005,
  7.4000000e+004,  2.3817966e-005,
  7.4250000e+004,  2.3103397e-005,
  7.4500000e+004,  1.9960772e-005,
  7.4750000e+004,  1.8478394e-005,
  7.5000000e+004,  1.8428428e-005,
  7.5250000e+004,  1.9062815e-005,
  7.5500000e+004,  1.9440718e-005,
  7.5750000e+004,  1.9453882e-005,
  7.6000000e+004,  2.0123570e-005,
  7.6250000e+004,  2.0150831e-005,
  7.6500000e+004,  2.0606020e-005,
  7.6750000e+004,  2.1171573e-005,
  7.7000000e+004,  2.0830406e-005,
  7.7250000e+004,  2.0578143e-005,
  7.7500000e+004,  2.0425489e-005,
  7.7750000e+004,  2.2093958e-005,
  7.8000000e+004,  3.1457793e-005,
  7.8250000e+004,  3.7460510e-005,
  7.8500000e+004,  2.9101888e-005,
  7.8750000e+004,  2.1723216e-005,
  7.9000000e+004,  2.1402115e-005,
  7.9250000e+004,  2.1373160e-005,
  7.9500000e+004,  2.1057233e-005,
  7.9750000e+004,  2.1028746e-005,
  8.0000000e+004,  2.0467009e-005,
  8.0250000e+004,  2.0055575e-005,
  8.0500000e+004,  2.0370258e-005,
  8.0750000e+004,  1.9987813e-005,
  8.1000000e+004,  1.9866415e-005,
  8.1250000e+004,  1.9101565e-005,
  8.1500000e+004,  1.9257357e-005,
  8.1750000e+004,  2.1620530e-005,
  8.2000000e+004,  2.4224458e-005,
  8.2250000e+004,  2.2079008e-005,
  8.2500000e+004,  2.0178130e-005,
  8.2750000e+004,  2.0439320e-005,
  8.3000000e+004,  2.0689881e-005,
  8.3250000e+004,  2.0109953e-005,
  8.3500000e+004,  2.0055575e-005,
  8.3750000e+004,  2.0844511e-005,
  8.4000000e+004,  2.1402115e-005,
  8.4250000e+004,  2.1885569e-005,
  8.4500000e+004,  2.2304328e-005,
  8.4750000e+004,  2.1387633e-005,
  8.5000000e+004,  2.1128624e-005,
  8.5250000e+004,  2.1489215e-005,
  8.5500000e+004,  2.0550304e-005,
  8.5750000e+004,  2.2334544e-005,
  8.6000000e+004,  2.6061735e-005,
  8.6250000e+004,  2.4175314e-005,
  8.6500000e+004,  2.0633935e-005,
  8.6750000e+004,  1.9427564e-005,
  8.7000000e+004,  1.9062815e-005,
  8.7250000e+004,  1.9231302e-005,
  8.7500000e+004,  2.0191793e-005,
  8.7750000e+004,  2.1605900e-005,
  8.8000000e+004,  2.2395101e-005,
  8.8250000e+004,  2.1387633e-005,
  8.8500000e+004,  1.9493427e-005,
  8.8750000e+004,  2.0384054e-005,
  8.9000000e+004,  2.1503766e-005,
  8.9250000e+004,  2.0384054e-005,
  8.9500000e+004,  1.9493427e-005,
  8.9750000e+004,  2.2425439e-005,
  9.0000000e+004,  2.6150089e-005,
  9.0250000e+004,  2.3705378e-005,
  9.0500000e+004,  2.0703890e-005,
  9.0750000e+004,  1.9388153e-005,
  9.1000000e+004,  1.9335727e-005,
  9.1250000e+004,  2.0661888e-005,
  9.1500000e+004,  2.1460143e-005,
  9.1750000e+004,  2.2425439e-005,
  9.2000000e+004,  2.1915220e-005,
  9.2250000e+004,  2.1228974e-005,
  9.2500000e+004,  2.0480867e-005,
  9.2750000e+004,  2.0494735e-005,
  9.3000000e+004,  2.1214609e-005,
  9.3250000e+004,  2.0788147e-005,
  9.3500000e+004,  2.1959768e-005,
  9.3750000e+004,  2.8536184e-005,
  9.4000000e+004,  2.9240110e-005,
  9.4250000e+004,  2.2079008e-005,
  9.4500000e+004,  2.0315179e-005,
  9.4750000e+004,  2.0858625e-005,
  9.5000000e+004,  2.0578143e-005,
  9.5250000e+004,  2.1989517e-005,
  9.5500000e+004,  2.3260314e-005,
  9.5750000e+004,  2.2777306e-005,
  9.6000000e+004,  2.2004406e-005,
  9.6250000e+004,  2.1460143e-005,
  9.6500000e+004,  2.1042985e-005,
  9.6750000e+004,  2.0522499e-005,
  9.7000000e+004,  2.0788147e-005,
  9.7250000e+004,  2.1128624e-005,
  9.7500000e+004,  2.1000297e-005,
  9.7750000e+004,  2.1959768e-005,
  9.8000000e+004,  2.3276064e-005,
  9.8250000e+004,  2.2153860e-005,
  9.8500000e+004,  2.1944908e-005,
  9.8750000e+004,  2.2349667e-005,
  9.9000000e+004,  2.1635170e-005,
  9.9250000e+004,  2.1489215e-005,
  9.9500000e+004,  2.1767376e-005,
  9.9750000e+004,  2.1974637e-005,
