  0.0000000e+000,  4.2020254e-003,
  2.5000000e+002,  2.8607571e-003,
  5.0000000e+002,  8.1721073e-004,
  7.5000000e+002,  5.2441979e-005,
  1.0000000e+003,  3.5174994e-005,
  1.2500000e+003,  2.4571266e-005,
  1.5000000e+003,  2.1344245e-005,
  1.7500000e+003,  2.1974637e-005,
  2.0000000e+003,  2.5314096e-005,
  2.2500000e+003,  2.3866382e-005,
  2.5000000e+003,  2.0844511e-005,
  2.7500000e+003,  1.8045758e-005,
  3.0000000e+003,  1.7851368e-005,
  3.2500000e+003,  1.9348819e-005,
  3.5000000e+003,  1.9839538e-005,
  3.7500000e+003,  2.0246539e-005,
  4.0000000e+003,  1.9759124e-005,
  4.2500000e+003,  2.0592077e-005,
  4.5000000e+003,  2.5417114e-005,
  4.7500000e+003,  4.5647216e-005,
  5.0000000e+003,  6.8842537e-005,
  5.2500000e+003,  5.7072363e-005,
  5.5000000e+003,  2.8944720e-005,
  5.7500000e+003,  2.5659129e-005,
  6.0000000e+003,  3.5151193e-005,
  6.2500000e+003,  3.8934107e-005,
  6.5000000e+003,  2.8768924e-005,
  6.7500000e+003,  1.9866415e-005,
  7.0000000e+003,  1.9114501e-005,
  7.2500000e+003,  1.8654338e-005,
  7.5000000e+003,  1.7611324e-005,
  7.7500000e+003,  1.8959864e-005,
  8.0000000e+003,  1.9440718e-005,
  8.2500000e+003,  1.8528493e-005,
  8.5000000e+003,  1.8515956e-005,
  8.7500000e+003,  1.9101565e-005,
  9.0000000e+003,  1.9879867e-005,
  9.2500000e+003,  1.0394330e-002,
  9.5000000e+003,  1.2583428e-001,
  9.7500000e+003,  4.3487115e-001,
  1.0000000e+004,  6.3962603e-001,
  1.0250000e+004,  4.3546017e-001,
  1.0500000e+004,  1.2609008e-001,
  1.0750000e+004,  1.0436633e-002,
  1.1000000e+004,  1.8654338e-005,
  1.1250000e+004,  1.9480236e-005,
  1.1500000e+004,  2.0069155e-005,
  1.1750000e+004,  2.1071492e-005,
  1.2000000e+004,  2.2019306e-005,
  1.2250000e+004,  2.1489215e-005,
  1.2500000e+004,  2.0606020e-005,
  1.2750000e+004,  1.9960772e-005,
  1.3000000e+004,  1.9866415e-005,
  1.3250000e+004,  2.0397856e-005,
  1.3500000e+004,  2.1243348e-005,
  1.3750000e+004,  2.4973702e-005,
  1.4000000e+004,  2.7381893e-005,
  1.4250000e+004,  2.2978624e-005,
  1.4500000e+004,  2.9478589e-005,
  1.4750000e+004,  5.7811127e-005,
  1.5000000e+004,  6.9592187e-005,
  1.5250000e+004,  9.6244143e-005,
  1.5500000e+004,  2.0375025e-004,
  1.5750000e+004,  2.1713594e-004,
  1.6000000e+004,  1.0703562e-004,
  1.6250000e+004,  2.7680061e-005,
  1.6500000e+004,  1.8279344e-005,
  1.6750000e+004,  1.8603899e-005,
  1.7000000e+004,  1.9852972e-005,
  1.7250000e+004,  1.9866415e-005,
  1.7500000e+004,  1.8654338e-005,
  1.7750000e+004,  2.0816309e-005,
  1.8000000e+004,  2.2854526e-005,
  1.8250000e+004,  2.0522499e-005,
  1.8500000e+004,  1.9322643e-005,
  1.8750000e+004,  1.9759124e-005,
  1.9000000e+004,  2.1071492e-005,
  1.9250000e+004,  2.6434846e-005,
  1.9500000e+004,  1.8160277e-004,
  1.9750000e+004,  6.1916230e-004,
  2.0000000e+004,  9.0884136e-004,
  2.0250000e+004,  6.1832452e-004,
  2.0500000e+004,  1.7952500e-004,
  2.0750000e+004,  2.4604553e-005,
  2.1000000e+004,  2.0689881e-005,
  2.1250000e+004,  2.1085759e-005,
  2.1500000e+004,  1.9852972e-005,
  2.1750000e+004,  1.9812698e-005,
  2.2000000e+004,  2.1000297e-005,
  2.2250000e+004,  2.0578143e-005,
  2.2500000e+004,  1.9665722e-005,
  2.2750000e+004,  1.8666970e-005,
  2.3000000e+004,  1.8831960e-005,
  2.3250000e+004,  1.8616496e-005,
  2.3500000e+004,  1.8972705e-005,
  2.3750000e+004,  2.0232837e-005,
  2.4000000e+004,  2.1157247e-005,
  2.4250000e+004,  2.1100037e-005,
  2.4500000e+004,  2.5520554e-005,
  2.4750000e+004,  4.5002929e-005,
  2.5000000e+004,  6.8239401e-005,
  2.5250000e+004,  5.7498905e-005,
  2.5500000e+004,  3.0742071e-005,
  2.5750000e+004,  2.4422030e-005,
  2.6000000e+004,  2.7289374e-005,
  2.6250000e+004,  2.6524465e-005,
  2.6500000e+004,  2.1811623e-005,
  2.6750000e+004,  1.9745754e-005,
  2.7000000e+004,  1.9987813e-005,
  2.7250000e+004,  2.0082745e-005,
  2.7500000e+004,  2.0328935e-005,
  2.7750000e+004,  2.0830406e-005,
  2.8000000e+004,  2.2079008e-005,
  2.8250000e+004,  2.1915220e-005,
  2.8500000e+004,  2.0096345e-005,
  2.8750000e+004,  1.9866415e-005,
  2.9000000e+004,  2.0760023e-005,
  2.9250000e+004,  3.4600938e-003,
  2.9500000e+004,  4.1888051e-002,
  2.9750000e+004,  1.4476107e-001,
  3.0000000e+004,  2.1263241e-001,
  3.0250000e+004,  1.4476107e-001,
  3.0500000e+004,  4.1888051e-002,
  3.0750000e+004,  3.4624363e-003,
  3.1000000e+004,  7.0827808e-005,
  3.1250000e+004,  1.1727756e-004,
  3.1500000e+004,  9.3863614e-005,
  3.1750000e+004,  3.8645284e-005,
  3.2000000e+004,  2.0943511e-005,
  3.2250000e+004,  1.9719040e-005,
  3.2500000e+004,  1.8578730e-005,
  3.2750000e+004,  1.8440908e-005,
  3.3000000e+004,  1.8934214e-005,
  3.3250000e+004,  1.9572759e-005,
  3.3500000e+004,  1.9759124e-005,
  3.3750000e+004,  2.2198893e-005,
  3.4000000e+004,  2.4923040e-005,
  3.4250000e+004,  2.4339512e-005,
  3.4500000e+004,  3.1245574e-005,
  3.4750000e+004,  5.8322092e-005,
  3.5000000e+004,  6.9029185e-005,
  3.5250000e+004,  4.6050670e-005,
  3.5500000e+004,  2.6363366e-005,
  3.5750000e+004,  2.2547208e-005,
  3.6000000e+004,  2.1841172e-005,
  3.6250000e+004,  1.9866415e-005,
  3.6500000e+004,  1.9401281e-005,
  3.6750000e+004,  1.9192289e-005,
  3.7000000e+004,  1.9348819e-005,
  3.7250000e+004,  1.8895804e-005,
  3.7500000e+004,  1.9427564e-005,
  3.7750000e+004,  2.1014516e-005,
  3.8000000e+004,  2.2064068e-005,
  3.8250000e+004,  2.0647907e-005,
  3.8500000e+004,  2.0328935e-005,
  3.8750000e+004,  2.0915178e-005,
  3.9000000e+004,  2.0774081e-005,
  3.9250000e+004,  2.5365553e-005,
  3.9500000e+004,  1.7891841e-004,
  3.9750000e+004,  6.1581852e-004,
  4.0000000e+004,  9.0515753e-004,
  4.0250000e+004,  6.1581852e-004,
  4.0500000e+004,  1.7819323e-004,
  4.0750000e+004,  2.4191683e-005,
  4.1000000e+004,  1.9309568e-005,
  4.1250000e+004,  1.9283445e-005,
  4.1500000e+004,  1.9974288e-005,
  4.1750000e+004,  2.1826393e-005,
  4.2000000e+004,  2.3354975e-005,
  4.2250000e+004,  2.0774081e-005,
  4.2500000e+004,  1.9388153e-005,
  4.2750000e+004,  1.9745754e-005,
  4.3000000e+004,  1.9852972e-005,
  4.3250000e+004,  1.9879867e-005,
  4.3500000e+004,  2.0647907e-005,
  4.3750000e+004,  2.1576668e-005,
  4.4000000e+004,  2.2577752e-005,
  4.4250000e+004,  2.3465901e-005,
  4.4500000e+004,  2.7105276e-005,
  4.4750000e+004,  4.4427850e-005,
  4.5000000e+004,  6.7276237e-005,
  4.5250000e+004,  5.8361576e-005,
  4.5500000e+004,  3.2190178e-005,
  4.5750000e+004,  2.4372485e-005,
  4.6000000e+004,  2.4273700e-005,
  4.6250000e+004,  2.1373160e-005,
  4.6500000e+004,  2.9839961e-005,
  4.6750000e+004,  6.2703000e-005,
  4.7000000e+004,  7.4819657e-005,
  4.7250000e+004,  4.5585461e-005,
  4.7500000e+004,  2.2823607e-005,
  4.7750000e+004,  2.0986086e-005,
  4.8000000e+004,  2.0717909e-005,
  4.8250000e+004,  1.9826113e-005,
  4.8500000e+004,  1.9705697e-005,
  4.8750000e+004,  1.9920277e-005,
  4.9000000e+004,  2.0219146e-005,
  4.9250000e+004,  2.0685554e-003,
  4.9500000e+004,  2.5058989e-002,
  4.9750000e+004,  8.6718753e-002,
  5.0000000e+004,  1.2754944e-001,
  5.0250000e+004,  8.6953906e-002,
  5.0500000e+004,  2.5178020e-002,
  5.0750000e+004,  2.0840151e-003,
  5.1000000e+004,  2.1042985e-005,
  5.1250000e+004,  1.9625826e-005,
  5.1500000e+004,  1.9519837e-005,
  5.1750000e+004,  2.0480867e-005,
  5.2000000e+004,  2.1635170e-005,
  5.2250000e+004,  2.0986086e-005,
  5.2500000e+004,  1.9639115e-005,
  5.2750000e+004,  1.9140395e-005,
  5.3000000e+004,  1.9414418e-005,
  5.3250000e+004,  1.9719040e-005,
  5.3500000e+004,  2.0384054e-005,
  5.3750000e+004,  2.4093632e-005,
  5.4000000e+004,  2.9739136e-005,
  5.4250000e+004,  2.8305329e-005,
  5.4500000e+004,  3.3729325e-005,
  5.4750000e+004,  6.0370644e-005,
  5.5000000e+004,  6.9875399e-005,
  5.5250000e+004,  4.7027205e-005,
  5.5500000e+004,  2.8019385e-005,
  5.5750000e+004,  2.4257275e-005,
  5.6000000e+004,  2.4158955e-005,
  5.6250000e+004,  2.2947537e-005,
  5.6500000e+004,  2.0802223e-005,
  5.6750000e+004,  1.9257357e-005,
  5.7000000e+004,  1.9244326e-005,
  5.7250000e+004,  1.9062815e-005,
  5.7500000e+004,  1.9480236e-005,
  5.7750000e+004,  2.0287695e-005,
  5.8000000e+004,  2.1460143e-005,
  5.8250000e+004,  2.1157247e-005,
  5.8500000e+004,  2.0453159e-005,
  5.8750000e+004,  2.1114324e-005,
  5.9000000e+004,  2.1142930e-005,
  5.9250000e+004,  2.6399084e-005,
  5.9500000e+004,  1.8197194e-004,
  5.9750000e+004,  6.1874313e-004,
  6.0000000e+004,  9.0699757e-004,
  6.0250000e+004,  6.1665263e-004,
  6.0500000e+004,  1.7855543e-004,
  6.0750000e+004,  2.5780997e-005,
  6.1000000e+004,  2.0633935e-005,
  6.1250000e+004,  2.0830406e-005,
  6.1500000e+004,  2.0480867e-005,
  6.1750000e+004,  2.0830406e-005,
  6.2000000e+004,  2.2932010e-005,
  6.2250000e+004,  3.2146629e-005,
  6.2500000e+004,  5.1596910e-005,
  6.2750000e+004,  4.7539300e-005,
  6.3000000e+004,  2.6958891e-005,
  6.3250000e+004,  2.0578143e-005,
  6.3500000e+004,  2.1431110e-005,
  6.3750000e+004,  2.1431110e-005,
  6.4000000e+004,  2.2395101e-005,
  6.4250000e+004,  2.2916492e-005,
  6.4500000e+004,  2.6686549e-005,
  6.4750000e+004,  4.5308593e-005,
  6.5000000e+004,  6.7824941e-005,
  6.5250000e+004,  5.7460004e-005,
  6.5500000e+004,  3.0555356e-005,
  6.5750000e+004,  2.4422030e-005,
  6.6000000e+004,  2.7868064e-005,
  6.6250000e+004,  2.4571266e-005,
  6.6500000e+004,  2.1679148e-005,
  6.6750000e+004,  2.0745976e-005,
  6.7000000e+004,  2.1057233e-005,
  6.7250000e+004,  2.0494735e-005,
  6.7500000e+004,  1.9906798e-005,
  6.7750000e+004,  2.0356474e-005,
  6.8000000e+004,  2.1157247e-005,
  6.8250000e+004,  2.1989517e-005,
  6.8500000e+004,  2.2364801e-005,
  6.8750000e+004,  2.2034215e-005,
  6.9000000e+004,  2.1518327e-005,
  6.9250000e+004,  1.4806204e-003,
  6.9500000e+004,  1.7936608e-002,
  6.9750000e+004,  6.2029128e-002,
  7.0000000e+004,  9.1173179e-002,
  7.0250000e+004,  6.2071095e-002,
  7.0500000e+004,  1.7960903e-002,
  7.0750000e+004,  1.4856398e-003,
  7.1000000e+004,  2.2349667e-005,
  7.1250000e+004,  2.0550304e-005,
  7.1500000e+004,  2.0205465e-005,
  7.1750000e+004,  2.1915220e-005,
  7.2000000e+004,  2.2684985e-005,
  7.2250000e+004,  2.1959768e-005,
  7.2500000e+004,  2.1532897e-005,
  7.2750000e+004,  2.0986086e-005,
  7.3000000e+004,  2.1532897e-005,
  7.3250000e+004,  2.2516702e-005,
  7.3500000e+004,  2.3087763e-005,
  7.3750000e+004,  2.3753565e-005,
  7.4000000e+004,  2.5007534e-005,
  7.4250000e+004,  2.2916492e-005,
  7.4500000e+004,  3.1076829e-005,
  7.4750000e+004,  5.8757974e-005,
  7.5000000e+004,  6.7870860e-005,
  7.5250000e+004,  4.4548304e-005,
  7.5500000e+004,  2.6885997e-005,
  7.5750000e+004,  2.2183871e-005,
  7.6000000e+004,  2.1811623e-005,
  7.6250000e+004,  2.0731938e-005,
  7.6500000e+004,  1.9599275e-005,
  7.6750000e+004,  2.0109953e-005,
  7.7000000e+004,  2.0150831e-005,
  7.7250000e+004,  2.0439320e-005,
  7.7500000e+004,  2.1300946e-005,
  7.7750000e+004,  2.2916492e-005,
  7.8000000e+004,  3.1224431e-005,
  7.8250000e+004,  3.7562078e-005,
  7.8500000e+004,  2.9259909e-005,
  7.8750000e+004,  2.2004406e-005,
  7.9000000e+004,  2.1664479e-005,
  7.9250000e+004,  2.7962545e-005,
  7.9500000e+004,  1.7855543e-004,
  7.9750000e+004,  6.1290746e-004,
  8.0000000e+004,  9.0148902e-004,
  8.0250000e+004,  6.1456919e-004,
  8.0500000e+004,  1.8049978e-004,
  8.0750000e+004,  2.6758903e-005,
  8.1000000e+004,  2.0564219e-005,
  8.1250000e+004,  2.1214609e-005,
  8.1500000e+004,  2.0675881e-005,
  8.1750000e+004,  2.0536398e-005,
  8.2000000e+004,  2.2684985e-005,
  8.2250000e+004,  2.1870760e-005,
  8.2500000e+004,  2.0550304e-005,
  8.2750000e+004,  2.1200254e-005,
  8.3000000e+004,  2.3260314e-005,
  8.3250000e+004,  2.4224458e-005,
  8.3500000e+004,  2.3056529e-005,
  8.3750000e+004,  2.2978624e-005,
  8.4000000e+004,  2.3769649e-005,
  8.4250000e+004,  2.3801850e-005,
  8.4500000e+004,  2.6578383e-005,
  8.4750000e+004,  4.4128137e-005,
  8.5000000e+004,  6.6731986e-005,
  8.5250000e+004,  5.5585419e-005,
  8.5500000e+004,  2.8866457e-005,
  8.5750000e+004,  2.3009753e-005,
  8.6000000e+004,  2.5092314e-005,
  8.6250000e+004,  2.3197421e-005,
  8.6500000e+004,  2.1737925e-005,
  8.6750000e+004,  2.1767376e-005,
  8.7000000e+004,  2.0191793e-005,
  8.7250000e+004,  1.9639115e-005,
  8.7500000e+004,  1.9812698e-005,
  8.7750000e+004,  1.9639115e-005,
  8.8000000e+004,  2.1286533e-005,
  8.8250000e+004,  2.2761894e-005,
  8.8500000e+004,  2.1944908e-005,
  8.8750000e+004,  2.0564219e-005,
  8.9000000e+004,  2.1300946e-005,
  8.9250000e+004,  1.1518057e-003,
  8.9500000e+004,  1.3934378e-002,
  8.9750000e+004,  4.8188451e-002,
  9.0000000e+004,  7.0829596e-002,
  9.0250000e+004,  4.8221096e-002,
  9.0500000e+004,  1.3962705e-002,
  9.0750000e+004,  1.1564929e-003,
  9.1000000e+004,  2.2731100e-005,
  9.1250000e+004,  2.2623647e-005,
  9.1500000e+004,  2.2274154e-005,
  9.1750000e+004,  2.3119040e-005,
  9.2000000e+004,  2.3737492e-005,
  9.2250000e+004,  2.3513601e-005,
  9.2500000e+004,  2.2916492e-005,
  9.2750000e+004,  2.3593320e-005,
  9.3000000e+004,  2.3166035e-005,
  9.3250000e+004,  2.2004406e-005,
  9.3500000e+004,  2.3150360e-005,
  9.3750000e+004,  2.9538511e-005,
  9.4000000e+004,  3.1266731e-005,
  9.4250000e+004,  2.4872478e-005,
  9.4500000e+004,  3.1650023e-005,
  9.4750000e+004,  5.9317452e-005,
  9.5000000e+004,  7.0397627e-005,
  9.5250000e+004,  4.8317912e-005,
  9.5500000e+004,  2.8788404e-005,
  9.5750000e+004,  2.4906172e-005,
  9.6000000e+004,  2.5503286e-005,
  9.6250000e+004,  2.4923040e-005,
  9.6500000e+004,  2.2334544e-005,
  9.6750000e+004,  2.1128624e-005,
  9.7000000e+004,  2.1171573e-005,
  9.7250000e+004,  2.0943511e-005,
  9.7500000e+004,  2.0872749e-005,
  9.7750000e+004,  2.2761894e-005,
  9.8000000e+004,  2.3705378e-005,
  9.8250000e+004,  2.1605900e-005,
  9.8500000e+004,  2.1085759e-005,
  9.8750000e+004,  2.2304328e-005,
  9.9000000e+004,  2.3593320e-005,
  9.9250000e+004,  2.7307852e-005,
  9.9500000e+004,  1.8086671e-004,
  9.9750000e+004,  6.1958148e-004,
