  0.0000000e+000,  2.0741637e-003,
  2.5000000e+002,  1.4188072e-003,
  5.0000000e+002,  4.1953575e-004,
  7.5000000e+002,  6.8842537e-005,
  1.0000000e+003,  4.4911640e-005,
  1.2500000e+003,  1.0415460e-002,
  1.5000000e+003,  1.2591953e-001,
  1.7500000e+003,  4.3516537e-001,
  2.0000000e+003,  6.3962603e-001,
  2.2500000e+003,  4.3516537e-001,
  2.5000000e+003,  1.2600472e-001,
  2.7500000e+003,  1.0415460e-002,
  3.0000000e+003,  2.4504825e-005,
  3.2500000e+003,  2.6363366e-005,
  3.5000000e+003,  1.1719819e-004,
  3.7500000e+003,  3.9367288e-004,
  4.0000000e+003,  5.7590266e-004,
  4.2500000e+003,  3.9022379e-004,
  4.5000000e+003,  1.1230538e-004,
  4.7500000e+003,  2.3914899e-005,
  5.0000000e+003,  2.4273700e-005,
  5.2500000e+003,  3.4484034e-003,
  5.5000000e+003,  4.1774808e-002,
  5.7500000e+003,  1.4436958e-001,
  6.0000000e+003,  2.1234461e-001,
  6.2500000e+003,  1.4456526e-001,
  6.5000000e+003,  4.1859729e-002,
  6.7500000e+003,  3.4647819e-003,
  7.0000000e+003,  2.5211492e-005,
  7.2500000e+003,  2.5903446e-005,
  7.5000000e+003,  1.1632878e-004,
  7.7500000e+003,  3.9581045e-004,
  8.0000000e+003,  5.8375240e-004,
  8.2500000e+003,  4.0039154e-004,
  8.5000000e+003,  1.1976451e-004,
  8.7500000e+003,  2.4175314e-005,
  9.0000000e+003,  2.3197421e-005,
  9.2500000e+003,  2.0643589e-003,
  9.5000000e+003,  2.5008151e-002,
  9.7500000e+003,  8.6484235e-002,
  1.0000000e+004,  1.2720450e-001,
  1.0250000e+004,  8.6601453e-002,
  1.0500000e+004,  2.5075965e-002,
  1.0750000e+004,  2.0741637e-003,
  1.1000000e+004,  2.4455115e-005,
  1.1250000e+004,  2.4721412e-005,
  1.1500000e+004,  1.1453170e-004,
  1.1750000e+004,  3.9287423e-004,
  1.2000000e+004,  5.7863796e-004,
  1.2250000e+004,  3.9581045e-004,
  1.2500000e+004,  1.1799418e-004,
  1.2750000e+004,  2.5798454e-005,
  1.3000000e+004,  2.5007534e-005,
  1.3250000e+004,  1.4756179e-003,
  1.3500000e+004,  1.7851811e-002,
  1.3750000e+004,  6.1735880e-002,
  1.4000000e+004,  9.0742230e-002,
  1.4250000e+004,  6.1819554e-002,
  1.4500000e+004,  1.7888101e-002,
  1.4750000e+004,  1.4796187e-003,
  1.5000000e+004,  2.5434325e-005,
  1.5250000e+004,  8.8136870e-005,
  1.5500000e+004,  2.3566914e-004,
  1.5750000e+004,  4.5104970e-004,
  1.6000000e+004,  5.8692206e-004,
  1.6250000e+004,  3.9367288e-004,
  1.6500000e+004,  1.1577888e-004,
  1.6750000e+004,  2.3914899e-005,
  1.7000000e+004,  2.3625281e-005,
  1.7250000e+004,  1.1471371e-003,
  1.7500000e+004,  1.3877898e-002,
  1.7750000e+004,  4.7960678e-002,
  1.8000000e+004,  7.0542501e-002,
  1.8250000e+004,  4.8025640e-002,
  1.8500000e+004,  1.3896695e-002,
  1.8750000e+004,  1.1502473e-003,
  1.9000000e+004,  2.4571266e-005,
  1.9250000e+004,  2.5973676e-005,
  1.9500000e+004,  1.1530961e-004,
  1.9750000e+004,  3.8943213e-004,
  2.0000000e+004,  5.7318054e-004,
  2.0250000e+004,  3.9101706e-004,
  2.0500000e+004,  1.1530961e-004,
  2.0750000e+004,  2.4405505e-005,
  2.1000000e+004,  2.2700348e-005,
  2.1250000e+004,  9.3885568e-004,
  2.1500000e+004,  1.1350455e-002,
  2.1750000e+004,  3.9252619e-002,
  2.2000000e+004,  5.7695301e-002,
  2.2250000e+004,  3.9279211e-002,
  2.2500000e+004,  1.1365829e-002,
  2.2750000e+004,  9.3949130e-004,
  2.3000000e+004,  2.2562475e-005,
  2.3250000e+004,  2.4240861e-005,
  2.3500000e+004,  1.1345147e-004,
  2.3750000e+004,  3.8969596e-004,
  2.4000000e+004,  5.7318054e-004,
  2.4250000e+004,  3.9181193e-004,
  2.4500000e+004,  1.1593572e-004,
  2.4750000e+004,  2.3307597e-005,
  2.5000000e+004,  2.2471024e-005,
  2.5250000e+004,  7.9645806e-004,
  2.5500000e+004,  9.6093805e-003,
  2.5750000e+004,  3.3209093e-002,
  2.6000000e+004,  4.8812207e-002,
  2.6250000e+004,  3.3209093e-002,
  2.6500000e+004,  9.6158903e-003,
  2.6750000e+004,  7.9807714e-004,
  2.7000000e+004,  2.2761894e-005,
  2.7250000e+004,  2.4604553e-005,
  2.7500000e+004,  1.1429938e-004,
  2.7750000e+004,  3.8837915e-004,
  2.8000000e+004,  5.7085725e-004,
  2.8250000e+004,  3.8943213e-004,
  2.8500000e+004,  1.1515362e-004,
  2.8750000e+004,  2.3801850e-005,
  2.9000000e+004,  2.2700348e-005,
  2.9250000e+004,  6.8905272e-004,
  2.9500000e+004,  8.3247838e-003,
  2.9750000e+004,  2.8769638e-002,
  3.0000000e+004,  4.2286898e-002,
  3.0250000e+004,  2.8769638e-002,
  3.0500000e+004,  8.3247838e-003,
  3.0750000e+004,  6.8812037e-004,
  3.1000000e+004,  7.2280808e-005,
  3.1250000e+004,  1.1703963e-004,
  3.1500000e+004,  1.4475748e-004,
  3.1750000e+004,  3.8969596e-004,
  3.2000000e+004,  5.6969914e-004,
  3.2250000e+004,  3.8759123e-004,
  3.2500000e+004,  1.1352828e-004,
  3.2750000e+004,  2.4654568e-005,
  3.3000000e+004,  2.3753565e-005,
  3.3250000e+004,  6.0589486e-004,
  3.3500000e+004,  7.3449287e-003,
  3.3750000e+004,  2.5383355e-002,
  3.4000000e+004,  3.7284362e-002,
  3.4250000e+004,  2.5383355e-002,
  3.4500000e+004,  7.3499046e-003,
  3.4750000e+004,  6.0794889e-004,
  3.5000000e+004,  2.4372485e-005,
  3.5250000e+004,  2.3497691e-005,
  3.5500000e+004,  1.1352828e-004,
  3.5750000e+004,  3.8785381e-004,
  3.6000000e+004,  5.6931371e-004,
  3.6250000e+004,  3.8837915e-004,
  3.6500000e+004,  1.1445422e-004,
  3.6750000e+004,  2.4956803e-005,
  3.7000000e+004,  2.3963511e-005,
  3.7250000e+004,  5.4076619e-004,
  3.7500000e+004,  6.5642918e-003,
  3.7750000e+004,  2.2700909e-002,
  3.8000000e+004,  3.3366808e-002,
  3.8250000e+004,  2.2716288e-002,
  3.8500000e+004,  6.5776360e-003,
  3.8750000e+004,  5.4443912e-004,
  3.9000000e+004,  2.2654295e-005,
  3.9250000e+004,  2.4158955e-005,
  3.9500000e+004,  1.1492000e-004,
  3.9750000e+004,  3.8890537e-004,
  4.0000000e+004,  5.7008483e-004,
  4.0250000e+004,  3.8706696e-004,
  4.0500000e+004,  1.1230538e-004,
  4.0750000e+004,  2.4158955e-005,
  4.1000000e+004,  2.4654568e-005,
  4.1250000e+004,  4.9220618e-004,
  4.1500000e+004,  5.9345203e-003,
  4.1750000e+004,  2.0536910e-002,
  4.2000000e+004,  3.0186066e-002,
  4.2250000e+004,  2.0564727e-002,
  4.2500000e+004,  5.9506102e-003,
  4.2750000e+004,  4.9220618e-004,
  4.3000000e+004,  2.3244575e-005,
  4.3250000e+004,  2.3418298e-005,
  4.3500000e+004,  1.1072024e-004,
  4.3750000e+004,  3.8471598e-004,
  4.4000000e+004,  5.6815873e-004,
  4.4250000e+004,  3.8811639e-004,
  4.4500000e+004,  1.1422202e-004,
  4.4750000e+004,  2.2994184e-005,
  4.5000000e+004,  2.2334544e-005,
  4.5250000e+004,  4.4831010e-004,
  4.5500000e+004,  5.4162542e-003,
  4.5750000e+004,  1.8730717e-002,
  4.6000000e+004,  2.7549894e-002,
  4.6250000e+004,  1.8768793e-002,
  4.6500000e+004,  5.4346181e-003,
  4.6750000e+004,  4.5104970e-004,
  4.7000000e+004,  7.7447682e-005,
  4.7250000e+004,  4.8547403e-005,
  4.7500000e+004,  1.1276241e-004,
  4.7750000e+004,  3.8315677e-004,
  4.8000000e+004,  5.6432577e-004,
  4.8250000e+004,  3.8680509e-004,
  4.8500000e+004,  1.1656526e-004,
  4.8750000e+004,  2.4990612e-005,
  4.9000000e+004,  2.3673305e-005,
  4.9250000e+004,  4.1138050e-004,
  4.9500000e+004,  4.9835668e-003,
  4.9750000e+004,  1.7234379e-002,
  5.0000000e+004,  2.5349020e-002,
  5.0250000e+004,  1.7281113e-002,
  5.0500000e+004,  5.0038468e-003,
  5.0750000e+004,  4.1333439e-004,
  5.1000000e+004,  2.3481791e-005,
  5.1250000e+004,  2.4208064e-005,
  5.1500000e+004,  1.1375907e-004,
  5.1750000e+004,  3.8864209e-004,
  5.2000000e+004,  5.7047103e-004,
  5.2250000e+004,  3.8864209e-004,
  5.2500000e+004,  1.1368208e-004,
  5.2750000e+004,  2.3577355e-005,
  5.3000000e+004,  2.3609295e-005,
  5.3250000e+004,  3.8160371e-004,
  5.3500000e+004,  4.6103416e-003,
  5.3750000e+004,  1.5954470e-002,
  5.4000000e+004,  2.3466478e-002,
  5.4250000e+004,  1.5986903e-002,
  5.4500000e+004,  4.6291048e-003,
  5.4750000e+004,  3.8341617e-004,
  5.5000000e+004,  2.2684985e-005,
  5.5250000e+004,  2.3339171e-005,
  5.5500000e+004,  1.1185016e-004,
  5.5750000e+004,  3.8575904e-004,
  5.6000000e+004,  5.6815873e-004,
  5.6250000e+004,  3.8785381e-004,
  5.6500000e+004,  1.1445422e-004,
  5.6750000e+004,  2.7105276e-005,
  5.7000000e+004,  2.7381893e-005,
  5.7250000e+004,  3.5326411e-004,
  5.7500000e+004,  4.2940363e-003,
  5.7750000e+004,  1.4859883e-002,
  5.8000000e+004,  2.1856496e-002,
  5.8250000e+004,  1.4890077e-002,
  5.8500000e+004,  4.3085954e-003,
  5.8750000e+004,  3.5662780e-004,
  5.9000000e+004,  2.4754905e-005,
  5.9250000e+004,  2.4704684e-005,
  5.9500000e+004,  1.1391318e-004,
  5.9750000e+004,  3.8602037e-004,
  6.0000000e+004,  5.6623913e-004,
  6.0250000e+004,  3.8628171e-004,
  6.0500000e+004,  1.1360517e-004,
  6.0750000e+004,  2.6097041e-005,
  6.1000000e+004,  2.5728697e-005,
  6.1250000e+004,  3.3328641e-004,
  6.1500000e+004,  4.0238724e-003,
  6.1750000e+004,  1.3906109e-002,
  6.2000000e+004,  2.0453667e-002,
  6.2250000e+004,  1.3924945e-002,
  6.2500000e+004,  4.0320523e-003,
  6.2750000e+004,  3.3805793e-004,
  6.3000000e+004,  2.9101888e-005,
  6.3250000e+004,  2.4805225e-005,
  6.3500000e+004,  1.1445422e-004,
  6.3750000e+004,  3.8706696e-004,
  6.4000000e+004,  5.6815873e-004,
  6.4250000e+004,  3.8837915e-004,
  6.4500000e+004,  1.1546582e-004,
  6.4750000e+004,  2.5228563e-005,
  6.5000000e+004,  2.5007534e-005,
  6.5250000e+004,  3.1252878e-004,
  6.5500000e+004,  3.7758135e-003,
  6.5750000e+004,  1.3057682e-002,
  6.6000000e+004,  1.9205766e-002,
  6.6250000e+004,  1.3075368e-002,
  6.6500000e+004,  3.7886155e-003,
  6.6750000e+004,  3.1678865e-004,
  6.7000000e+004,  2.4126271e-005,
  6.7250000e+004,  2.3721430e-005,
  6.7500000e+004,  1.1299162e-004,
  6.7750000e+004,  3.8602037e-004,
  6.8000000e+004,  5.6815873e-004,
  6.8250000e+004,  3.8811639e-004,
  6.8500000e+004,  1.1484225e-004,
  6.8750000e+004,  2.6150089e-005,
  6.9000000e+004,  2.3276064e-005,
  6.9250000e+004,  2.9545427e-004,
  6.9500000e+004,  3.5622863e-003,
  6.9750000e+004,  1.2319248e-002,
  7.0000000e+004,  1.8107380e-002,
  7.0250000e+004,  1.2335934e-002,
  7.0500000e+004,  3.5719445e-003,
  7.0750000e+004,  2.9545427e-004,
  7.1000000e+004,  2.2731100e-005,
  7.1250000e+004,  2.4126271e-005,
  7.1500000e+004,  1.1253365e-004,
  7.1750000e+004,  3.8575904e-004,
  7.2000000e+004,  5.6700609e-004,
  7.2250000e+004,  3.8628171e-004,
  7.2500000e+004,  1.1329799e-004,
  7.2750000e+004,  2.5092314e-005,
  7.3000000e+004,  2.3947296e-005,
  7.3250000e+004,  2.8006975e-004,
  7.3500000e+004,  3.3699449e-003,
  7.3750000e+004,  1.1654089e-002,
  7.4000000e+004,  1.7129701e-002,
  7.4250000e+004,  1.1661985e-002,
  7.4500000e+004,  3.3745109e-003,
  7.4750000e+004,  2.7836877e-004,
  7.5000000e+004,  2.5177384e-005,
  7.5250000e+004,  2.4805225e-005,
  7.5500000e+004,  1.1102043e-004,
  7.5750000e+004,  3.8289738e-004,
  7.6000000e+004,  5.6470783e-004,
  7.6250000e+004,  3.8471598e-004,
  7.6500000e+004,  1.1192591e-004,
  7.6750000e+004,  2.6399084e-005,
  7.7000000e+004,  2.5920986e-005,
  7.7250000e+004,  2.6584602e-004,
  7.7500000e+004,  3.1987976e-003,
  7.7750000e+004,  1.1062221e-002,
  7.8000000e+004,  1.6259745e-002,
  7.8250000e+004,  1.1069715e-002,
  7.8500000e+004,  3.2053003e-003,
  7.8750000e+004,  2.6656679e-004,
  7.9000000e+004,  2.5194432e-005,
  7.9250000e+004,  2.5314096e-005,
  7.9500000e+004,  1.1314471e-004,
  7.9750000e+004,  3.8575904e-004,
  8.0000000e+004,  5.6662248e-004,
  8.0250000e+004,  3.8549805e-004,
  8.0500000e+004,  1.1200169e-004,
  8.0750000e+004,  2.5503286e-005,
  8.1000000e+004,  2.5572431e-005,
  8.1250000e+004,  2.5200322e-004,
  8.1500000e+004,  3.0425147e-003,
  8.1750000e+004,  1.0521756e-002,
  8.2000000e+004,  1.5465347e-002,
  8.2250000e+004,  1.0521756e-002,
  8.2500000e+004,  3.0466371e-003,
  8.2750000e+004,  2.5200322e-004,
  8.3000000e+004,  2.4438567e-005,
  8.3250000e+004,  2.5160348e-005,
  8.3500000e+004,  1.1291517e-004,
  8.3750000e+004,  3.8575904e-004,
  8.4000000e+004,  5.6662248e-004,
  8.4250000e+004,  3.8628171e-004,
  8.4500000e+004,  1.1368208e-004,
  8.4750000e+004,  2.5417114e-005,
  8.5000000e+004,  2.3465901e-005,
  8.5250000e+004,  2.3969116e-004,
  8.5500000e+004,  2.8997501e-003,
  8.5750000e+004,  1.0028042e-002,
  8.6000000e+004,  1.4739663e-002,
  8.6250000e+004,  1.0028042e-002,
  8.6500000e+004,  2.8997501e-003,
  8.6750000e+004,  2.4066666e-004,
  8.7000000e+004,  2.3963511e-005,
  8.7250000e+004,  2.3898716e-005,
  8.7500000e+004,  1.1268610e-004,
  8.7750000e+004,  3.8602037e-004,
  8.8000000e+004,  5.6700609e-004,
  8.8250000e+004,  3.8680509e-004,
  8.8500000e+004,  1.1445422e-004,
  8.8750000e+004,  2.5434325e-005,
  8.9000000e+004,  2.3995975e-005,
  8.9250000e+004,  2.3061921e-004,
  8.9500000e+004,  2.7693014e-003,
  8.9750000e+004,  9.5704389e-003,
  9.0000000e+004,  1.4067058e-002,
  9.0250000e+004,  9.5834018e-003,
  9.0500000e+004,  2.7749310e-003,
  9.0750000e+004,  2.3202847e-004,
  9.1000000e+004,  2.5160348e-005,
  9.1250000e+004,  2.5058367e-005,
  9.1500000e+004,  1.1437676e-004,
  9.1750000e+004,  3.8995978e-004,
  9.2000000e+004,  5.7240497e-004,
  9.2250000e+004,  3.9048798e-004,
  9.2500000e+004,  1.1585729e-004,
  9.2750000e+004,  2.5486029e-005,
  9.3000000e+004,  2.4721412e-005,
  9.3250000e+004,  2.2174046e-004,
  9.3500000e+004,  2.6536881e-003,
  9.3750000e+004,  9.1646817e-003,
  9.4000000e+004,  1.3470658e-002,
  9.4250000e+004,  9.1708863e-003,
  9.4500000e+004,  2.6536881e-003,
  9.4750000e+004,  2.1950041e-004,
  9.5000000e+004,  2.4554637e-005,
  9.5250000e+004,  2.5589747e-005,
  9.5500000e+004,  1.1337469e-004,
  9.5750000e+004,  3.8732901e-004,
  9.6000000e+004,  5.6854337e-004,
  9.6250000e+004,  3.8732901e-004,
  9.6500000e+004,  1.1460927e-004,
  9.6750000e+004,  2.4923040e-005,
  9.7000000e+004,  2.4175314e-005,
  9.7250000e+004,  2.1305928e-004,
  9.7500000e+004,  2.5705913e-003,
  9.7750000e+004,  8.8477074e-003,
  9.8000000e+004,  1.2943285e-002,
  9.8250000e+004,  8.7583230e-003,
  9.8500000e+004,  2.5206222e-003,
  9.8750000e+004,  2.0905916e-004,
  9.9000000e+004,  2.6849623e-005,
  9.9250000e+004,  2.6813299e-005,
  9.9500000e+004,  1.1200169e-004,
  9.9750000e+004,  3.8134553e-004,
