  0.0000000e+000,  5.5498616e-003,
  2.5000000e+002,  3.7809294e-003,
  5.0000000e+002,  1.0918304e-003,
  7.5000000e+002,  9.2413585e-005,
  1.0000000e+003,  3.3683690e-005,
  1.2500000e+003,  6.6312818e-003,
  1.5000000e+003,  8.0170006e-002,
  1.7500000e+003,  2.7724727e-001,
  2.0000000e+003,  4.0723488e-001,
  2.2500000e+003,  2.7724727e-001,
  2.5000000e+003,  8.0224317e-002,
  2.7500000e+003,  6.6357712e-003,
  3.0000000e+003,  1.8679609e-005,
  3.2500000e+003,  1.8806481e-005,
  3.5000000e+003,  2.2079008e-005,
  3.7500000e+003,  4.1072798e-005,
  4.0000000e+003,  5.6343053e-005,
  4.2500000e+003,  4.1915388e-005,
  4.5000000e+003,  2.2562475e-005,
  4.7500000e+003,  1.9852972e-005,
  5.0000000e+003,  1.8666970e-005,
  5.2500000e+003,  7.3035527e-004,
  5.5000000e+003,  8.8417175e-003,
  5.7500000e+003,  3.0576798e-002,
  6.0000000e+003,  4.4943181e-002,
  6.2500000e+003,  3.0638956e-002,
  6.5000000e+003,  8.8777018e-003,
  6.7500000e+003,  7.3830851e-004,
  7.0000000e+003,  1.8921402e-005,
  7.2500000e+003,  2.0689881e-005,
  7.5000000e+003,  2.1142930e-005,
  7.7500000e+003,  2.4290136e-005,
  8.0000000e+003,  3.0287658e-005,
  8.2500000e+003,  2.6740796e-005,
  8.5000000e+003,  1.9692363e-005,
  8.7500000e+003,  1.7257297e-005,
  9.0000000e+003,  1.7599407e-005,
  9.2500000e+003,  2.6262654e-004,
  9.5000000e+003,  3.1879901e-003,
  9.7500000e+003,  1.1032305e-002,
  1.0000000e+004,  1.6226759e-002,
  1.0250000e+004,  1.1054732e-002,
  1.0500000e+004,  3.1987976e-003,
  1.0750000e+004,  2.6620622e-004,
  1.1000000e+004,  1.8972705e-005,
  1.1250000e+004,  2.0178130e-005,
  1.1500000e+004,  2.1185908e-005,
  1.1750000e+004,  2.2916492e-005,
  1.2000000e+004,  2.5938537e-005,
  1.2250000e+004,  2.4240861e-005,
  1.2500000e+004,  2.1243348e-005,
  1.2750000e+004,  2.0205465e-005,
  1.3000000e+004,  1.9322643e-005,
  1.3250000e+004,  1.3601765e-004,
  1.3500000e+004,  1.6168157e-003,
  1.3750000e+004,  5.5913396e-003,
  1.4000000e+004,  8.2239679e-003,
  1.4250000e+004,  5.5989154e-003,
  1.4500000e+004,  1.6201017e-003,
  1.4750000e+004,  1.3418865e-004,
  1.5000000e+004,  2.2547208e-005,
  1.5250000e+004,  8.7660868e-005,
  1.5500000e+004,  2.0416444e-004,
  1.5750000e+004,  2.1905515e-004,
  1.6000000e+004,  1.0967594e-004,
  1.6250000e+004,  2.8964319e-005,
  1.6500000e+004,  1.8972705e-005,
  1.6750000e+004,  1.9062815e-005,
  1.7000000e+004,  1.8704917e-005,
  1.7250000e+004,  8.2312562e-005,
  1.7500000e+004,  9.8441230e-004,
  1.7750000e+004,  3.4089484e-003,
  1.8000000e+004,  5.0140189e-003,
  1.8250000e+004,  3.4135673e-003,
  1.8500000e+004,  9.8774954e-004,
  1.8750000e+004,  8.3604099e-005,
  1.9000000e+004,  1.8730256e-005,
  1.9250000e+004,  1.9388153e-005,
  1.9500000e+004,  2.0494735e-005,
  1.9750000e+004,  2.4939916e-005,
  2.0000000e+004,  2.7642614e-005,
  2.0250000e+004,  2.3056529e-005,
  2.0500000e+004,  1.9679038e-005,
  2.0750000e+004,  1.9283445e-005,
  2.1000000e+004,  1.8844712e-005,
  2.1250000e+004,  5.5098430e-005,
  2.1500000e+004,  6.4832783e-004,
  2.1750000e+004,  2.2466332e-003,
  2.2000000e+004,  3.3022017e-003,
  2.2250000e+004,  2.2496762e-003,
  2.2500000e+004,  6.5317324e-004,
  2.2750000e+004,  5.8401101e-005,
  2.3000000e+004,  1.9533054e-005,
  2.3250000e+004,  1.9335727e-005,
  2.3500000e+004,  1.9506626e-005,
  2.3750000e+004,  1.9257357e-005,
  2.4000000e+004,  1.8947035e-005,
  2.4250000e+004,  1.9427564e-005,
  2.4500000e+004,  2.0287695e-005,
  2.4750000e+004,  1.9852972e-005,
  2.5000000e+004,  1.9037026e-005,
  2.5250000e+004,  4.3949271e-005,
  2.5500000e+004,  4.7389764e-004,
  2.5750000e+004,  1.6344214e-003,
  2.6000000e+004,  2.4023465e-003,
  2.6250000e+004,  1.6344214e-003,
  2.6500000e+004,  4.7357682e-004,
  2.6750000e+004,  4.2429220e-005,
  2.7000000e+004,  1.9974288e-005,
  2.7250000e+004,  2.0042005e-005,
  2.7500000e+004,  1.9037026e-005,
  2.7750000e+004,  2.0578143e-005,
  2.8000000e+004,  2.0578143e-005,
  2.8250000e+004,  1.8819215e-005,
  2.8500000e+004,  1.9140395e-005,
  2.8750000e+004,  1.9719040e-005,
  2.9000000e+004,  1.9205285e-005,
  2.9250000e+004,  3.4796092e-005,
  2.9500000e+004,  3.5422189e-004,
  2.9750000e+004,  1.2216727e-003,
  3.0000000e+004,  1.7944550e-003,
  3.0250000e+004,  1.2216727e-003,
  3.0500000e+004,  3.5398224e-004,
  3.0750000e+004,  3.9278227e-005,
  3.1000000e+004,  7.0588492e-005,
  3.1250000e+004,  1.1703963e-004,
  3.1500000e+004,  9.3104256e-005,
  3.1750000e+004,  3.7031913e-005,
  3.2000000e+004,  1.9179303e-005,
  3.2250000e+004,  1.8106936e-005,
  3.2500000e+004,  1.7094529e-005,
  3.2750000e+004,  1.7468850e-005,
  3.3000000e+004,  1.9231302e-005,
  3.3250000e+004,  3.1650023e-005,
  3.3500000e+004,  2.7950156e-004,
  3.3750000e+004,  9.6136439e-004,
  3.4000000e+004,  1.4121003e-003,
  3.4250000e+004,  9.6136439e-004,
  3.4500000e+004,  2.7893453e-004,
  3.4750000e+004,  3.1330288e-005,
  3.5000000e+004,  2.0137196e-005,
  3.5250000e+004,  1.9440718e-005,
  3.5500000e+004,  1.8819215e-005,
  3.5750000e+004,  1.8279344e-005,
  3.6000000e+004,  1.8819215e-005,
  3.6250000e+004,  1.9625826e-005,
  3.6500000e+004,  2.0816309e-005,
  3.6750000e+004,  2.0453159e-005,
  3.7000000e+004,  1.9546280e-005,
  3.7250000e+004,  2.5885918e-005,
  3.7500000e+004,  2.2114089e-004,
  3.7750000e+004,  7.6631349e-004,
  3.8000000e+004,  1.1278879e-003,
  3.8250000e+004,  7.6943225e-004,
  3.8500000e+004,  2.2461074e-004,
  3.8750000e+004,  2.7400434e-005,
  3.9000000e+004,  1.9375031e-005,
  3.9250000e+004,  2.0042005e-005,
  3.9500000e+004,  2.0619973e-005,
  3.9750000e+004,  2.0508613e-005,
  4.0000000e+004,  1.9257357e-005,
  4.0250000e+004,  1.9270397e-005,
  4.0500000e+004,  2.0001347e-005,
  4.0750000e+004,  2.0205465e-005,
  4.1000000e+004,  2.0480867e-005,
  4.1250000e+004,  2.4224458e-005,
  4.1500000e+004,  1.8013360e-004,
  4.1750000e+004,  6.2168191e-004,
  4.2000000e+004,  9.1501430e-004,
  4.2250000e+004,  6.2336743e-004,
  4.2500000e+004,  1.8111173e-004,
  4.2750000e+004,  2.3737492e-005,
  4.3000000e+004,  2.0001347e-005,
  4.3250000e+004,  1.9692363e-005,
  4.3500000e+004,  1.7899767e-005,
  4.3750000e+004,  1.7791053e-005,
  4.4000000e+004,  1.8768330e-005,
  4.4250000e+004,  1.8254614e-005,
  4.4500000e+004,  1.7516212e-005,
  4.4750000e+004,  1.8094684e-005,
  4.5000000e+004,  1.9559515e-005,
  4.5250000e+004,  2.4855648e-005,
  4.5500000e+004,  1.5035003e-004,
  4.5750000e+004,  5.1087619e-004,
  4.6000000e+004,  7.4989289e-004,
  4.6250000e+004,  5.1053055e-004,
  4.6500000e+004,  1.4963934e-004,
  4.6750000e+004,  6.0821836e-005,
  4.7000000e+004,  7.4314919e-005,
  4.7250000e+004,  4.6552131e-005,
  4.7500000e+004,  2.2034215e-005,
  4.7750000e+004,  2.0342700e-005,
  4.8000000e+004,  2.1114324e-005,
  4.8250000e+004,  2.0453159e-005,
  4.8500000e+004,  1.9467055e-005,
  4.8750000e+004,  1.8704917e-005,
  4.9000000e+004,  1.8553594e-005,
  4.9250000e+004,  2.1185908e-005,
  4.9500000e+004,  1.2893514e-004,
  4.9750000e+004,  4.4288091e-004,
  5.0000000e+004,  6.5228972e-004,
  5.0250000e+004,  4.4528568e-004,
  5.0500000e+004,  1.3007474e-004,
  5.0750000e+004,  2.3260314e-005,
  5.1000000e+004,  1.9088639e-005,
  5.1250000e+004,  1.9639115e-005,
  5.1500000e+004,  2.0411668e-005,
  5.1750000e+004,  2.0901025e-005,
  5.2000000e+004,  2.0191793e-005,
  5.2250000e+004,  1.9639115e-005,
  5.2500000e+004,  2.0536398e-005,
  5.2750000e+004,  2.1243348e-005,
  5.3000000e+004,  2.1214609e-005,
  5.3250000e+004,  2.3339171e-005,
  5.3500000e+004,  1.1072024e-004,
  5.3750000e+004,  3.7342669e-004,
  5.4000000e+004,  5.4887944e-004,
  5.4250000e+004,  3.7393265e-004,
  5.4500000e+004,  1.1004777e-004,
  5.4750000e+004,  2.2198893e-005,
  5.5000000e+004,  1.9309568e-005,
  5.5250000e+004,  1.9296502e-005,
  5.5500000e+004,  2.0370258e-005,
  5.5750000e+004,  2.1214609e-005,
  5.6000000e+004,  2.1071492e-005,
  5.6250000e+004,  1.9480236e-005,
  5.6500000e+004,  2.0109953e-005,
  5.6750000e+004,  2.0069155e-005,
  5.7000000e+004,  1.9879867e-005,
  5.7250000e+004,  2.1796864e-005,
  5.7500000e+004,  9.8685046e-005,
  5.7750000e+004,  3.3238524e-004,
  5.8000000e+004,  4.8822434e-004,
  5.8250000e+004,  3.3396394e-004,
  5.8500000e+004,  1.0016564e-004,
  5.8750000e+004,  2.2885489e-005,
  5.9000000e+004,  2.0425489e-005,
  5.9250000e+004,  2.0219146e-005,
  5.9500000e+004,  2.0661888e-005,
  5.9750000e+004,  2.0439320e-005,
  6.0000000e+004,  2.1272127e-005,
  6.0250000e+004,  2.0109953e-005,
  6.0500000e+004,  1.9062815e-005,
  6.0750000e+004,  1.9920277e-005,
  6.1000000e+004,  2.1085759e-005,
  6.1250000e+004,  2.1474674e-005,
  6.1500000e+004,  8.4571710e-005,
  6.1750000e+004,  2.8197201e-004,
  6.2000000e+004,  4.1389442e-004,
  6.2250000e+004,  2.8446416e-004,
  6.2500000e+004,  9.6897821e-005,
  6.2750000e+004,  4.5124952e-005,
  6.3000000e+004,  2.4788440e-005,
  6.3250000e+004,  2.0109953e-005,
  6.3500000e+004,  1.9785892e-005,
  6.3750000e+004,  2.2213926e-005,
  6.4000000e+004,  2.6345527e-005,
  6.4250000e+004,  2.4388990e-005,
  6.4500000e+004,  2.2777306e-005,
  6.4750000e+004,  2.1071492e-005,
  6.5000000e+004,  1.9893328e-005,
  6.5250000e+004,  2.0001347e-005,
  6.5500000e+004,  7.4013713e-005,
  6.5750000e+004,  2.5526529e-004,
  6.6000000e+004,  3.7826053e-004,
  6.6250000e+004,  2.5927051e-004,
  6.6500000e+004,  7.9358151e-005,
  6.6750000e+004,  2.2900986e-005,
  6.7000000e+004,  2.1460143e-005,
  6.7250000e+004,  2.1157247e-005,
  6.7500000e+004,  2.0647907e-005,
  6.7750000e+004,  2.1811623e-005,
  6.8000000e+004,  2.2440624e-005,
  6.8250000e+004,  2.1272127e-005,
  6.8500000e+004,  2.1128624e-005,
  6.8750000e+004,  2.0689881e-005,
  6.9000000e+004,  2.1402115e-005,
  6.9250000e+004,  2.3228846e-005,
  6.9500000e+004,  7.0064848e-005,
  6.9750000e+004,  2.2613626e-004,
  7.0000000e+004,  3.3193564e-004,
  7.0250000e+004,  2.2828948e-004,
  7.0500000e+004,  7.0827808e-005,
  7.0750000e+004,  2.0315179e-005,
  7.1000000e+004,  1.8755630e-005,
  7.1250000e+004,  1.9852972e-005,
  7.1500000e+004,  1.9088639e-005,
  7.1750000e+004,  2.0001347e-005,
  7.2000000e+004,  2.0986086e-005,
  7.2250000e+004,  2.0219146e-005,
  7.2500000e+004,  2.0164476e-005,
  7.2750000e+004,  1.9826113e-005,
  7.3000000e+004,  1.9705697e-005,
  7.3250000e+004,  2.1620530e-005,
  7.3500000e+004,  6.3816317e-005,
  7.3750000e+004,  2.0541203e-004,
  7.4000000e+004,  2.9948127e-004,
  7.4250000e+004,  2.0306181e-004,
  7.4500000e+004,  6.1525771e-005,
  7.4750000e+004,  2.0929340e-005,
  7.5000000e+004,  1.9480236e-005,
  7.5250000e+004,  1.9519837e-005,
  7.5500000e+004,  2.1782115e-005,
  7.5750000e+004,  2.2410265e-005,
  7.6000000e+004,  2.1752647e-005,
  7.6250000e+004,  2.0760023e-005,
  7.6500000e+004,  2.1358698e-005,
  7.6750000e+004,  2.1387633e-005,
  7.7000000e+004,  2.0915178e-005,
  7.7250000e+004,  2.1693828e-005,
  7.7500000e+004,  5.5887237e-005,
  7.7750000e+004,  1.8221846e-004,
  7.8000000e+004,  2.6965202e-004,
  7.8250000e+004,  1.8721962e-004,
  7.8500000e+004,  6.0821836e-005,
  7.8750000e+004,  2.2304328e-005,
  7.9000000e+004,  2.0788147e-005,
  7.9250000e+004,  2.0137196e-005,
  7.9500000e+004,  1.9772503e-005,
  7.9750000e+004,  2.0872749e-005,
  8.0000000e+004,  2.2792729e-005,
  8.0250000e+004,  2.2593040e-005,
  8.0500000e+004,  2.0717909e-005,
  8.0750000e+004,  1.8217583e-005,
  8.1000000e+004,  1.9179303e-005,
  8.1250000e+004,  2.1489215e-005,
  8.1500000e+004,  5.1596910e-005,
  8.1750000e+004,  1.6630518e-004,
  8.2000000e+004,  2.4493974e-004,
  8.2250000e+004,  1.6880030e-004,
  8.2500000e+004,  5.4578745e-005,
  8.2750000e+004,  2.2349667e-005,
  8.3000000e+004,  2.1679148e-005,
  8.3250000e+004,  2.1649819e-005,
  8.3500000e+004,  2.1243348e-005,
  8.3750000e+004,  2.2274154e-005,
  8.4000000e+004,  2.2715719e-005,
  8.4250000e+004,  2.1782115e-005,
  8.4500000e+004,  2.1489215e-005,
  8.4750000e+004,  2.1344245e-005,
  8.5000000e+004,  1.9987813e-005,
  8.5250000e+004,  1.9960772e-005,
  8.5500000e+004,  4.5155502e-005,
  8.5750000e+004,  1.4407319e-004,
  8.6000000e+004,  2.1190866e-004,
  8.6250000e+004,  1.4485548e-004,
  8.6500000e+004,  4.6113055e-005,
  8.6750000e+004,  2.1257732e-005,
  8.7000000e+004,  2.1841172e-005,
  8.7250000e+004,  2.1214609e-005,
  8.7500000e+004,  2.0550304e-005,
  8.7750000e+004,  2.1028746e-005,
  8.8000000e+004,  2.1635170e-005,
  8.8250000e+004,  2.1855961e-005,
  8.8500000e+004,  2.1532897e-005,
  8.8750000e+004,  2.0028443e-005,
  8.9000000e+004,  1.8870241e-005,
  8.9250000e+004,  2.0425489e-005,
  8.9500000e+004,  4.4518165e-005,
  8.9750000e+004,  1.3843270e-004,
  9.0000000e+004,  2.0333690e-004,
  9.0250000e+004,  1.4069999e-004,
  9.0500000e+004,  4.7027205e-005,
  9.0750000e+004,  2.1679148e-005,
  9.1000000e+004,  2.0844511e-005,
  9.1250000e+004,  2.1014516e-005,
  9.1500000e+004,  2.1071492e-005,
  9.1750000e+004,  2.2019306e-005,
  9.2000000e+004,  2.1974637e-005,
  9.2250000e+004,  2.0703890e-005,
  9.2500000e+004,  2.0453159e-005,
  9.2750000e+004,  2.1344245e-005,
  9.3000000e+004,  2.2034215e-005,
  9.3250000e+004,  2.1767376e-005,
  9.3500000e+004,  4.3860120e-005,
  9.3750000e+004,  1.3007474e-004,
  9.4000000e+004,  1.8760017e-004,
  9.4250000e+004,  1.2867360e-004,
  9.4500000e+004,  4.2804231e-005,
  9.4750000e+004,  2.0731938e-005,
  9.5000000e+004,  2.1518327e-005,
  9.5250000e+004,  2.2289236e-005,
  9.5500000e+004,  2.2654295e-005,
  9.5750000e+004,  2.3609295e-005,
  9.6000000e+004,  2.3307597e-005,
  9.6250000e+004,  2.0731938e-005,
  9.6500000e+004,  1.8578730e-005,
  9.6750000e+004,  1.8844712e-005,
  9.7000000e+004,  2.0494735e-005,
  9.7250000e+004,  2.1489215e-005,
  9.7500000e+004,  3.9894528e-005,
  9.7750000e+004,  1.1577888e-004,
  9.8000000e+004,  1.6743471e-004,
  9.8250000e+004,  1.1352828e-004,
  9.8500000e+004,  3.6856858e-005,
  9.8750000e+004,  2.0082745e-005,
  9.9000000e+004,  2.0205465e-005,
  9.9250000e+004,  2.1114324e-005,
  9.9500000e+004,  2.0830406e-005,
  9.9750000e+004,  2.2034215e-005,
