  0.0000000e+000,  3.6699800e-003,
  2.5000000e+002,  2.4968479e-003,
  5.0000000e+002,  7.1470549e-004,
  7.5000000e+002,  5.2088202e-005,
  1.0000000e+003,  3.2299312e-005,
  1.2500000e+003,  2.2994184e-005,
  1.5000000e+003,  2.2349667e-005,
  1.7500000e+003,  2.1870760e-005,
  2.0000000e+003,  2.2808163e-005,
  2.2500000e+003,  2.2289236e-005,
  2.5000000e+003,  2.1042985e-005,
  2.7500000e+003,  2.0287695e-005,
  3.0000000e+003,  2.0384054e-005,
  3.2500000e+003,  2.0137196e-005,
  3.5000000e+003,  1.9244326e-005,
  3.7500000e+003,  2.0246539e-005,
  4.0000000e+003,  2.1885569e-005,
  4.2500000e+003,  2.1723216e-005,
  4.5000000e+003,  2.0123570e-005,
  4.7500000e+003,  1.9745754e-005,
  5.0000000e+003,  1.9519837e-005,
  5.2500000e+003,  1.8870241e-005,
  5.5000000e+003,  1.9166325e-005,
  5.7500000e+003,  2.0689881e-005,
  6.0000000e+003,  2.7736327e-005,
  6.2500000e+003,  3.3958414e-005,
  6.5000000e+003,  2.7215586e-005,
  6.7500000e+003,  1.9257357e-005,
  7.0000000e+003,  1.7623249e-005,
  7.2500000e+003,  1.8478394e-005,
  7.5000000e+003,  1.9652413e-005,
  7.7500000e+003,  2.0055575e-005,
  8.0000000e+003,  1.9879867e-005,
  8.2500000e+003,  1.9719040e-005,
  8.5000000e+003,  2.0028443e-005,
  8.7500000e+003,  1.9127444e-005,
  9.0000000e+003,  1.8254614e-005,
  9.2500000e+003,  6.6133514e-003,
  9.5000000e+003,  8.0115732e-002,
  9.7500000e+003,  2.7705982e-001,
  1.0000000e+004,  4.0723488e-001,
  1.0250000e+004,  2.7743509e-001,
  1.0500000e+004,  8.0332980e-002,
  1.0750000e+004,  6.6492607e-003,
  1.1000000e+004,  1.9127444e-005,
  1.1250000e+004,  1.8959864e-005,
  1.1500000e+004,  1.8415958e-005,
  1.1750000e+004,  1.8242262e-005,
  1.2000000e+004,  1.9062815e-005,
  1.2250000e+004,  1.9114501e-005,
  1.2500000e+004,  1.9987813e-005,
  1.2750000e+004,  1.9612546e-005,
  1.3000000e+004,  1.8947035e-005,
  1.3250000e+004,  1.9283445e-005,
  1.3500000e+004,  1.9826113e-005,
  1.3750000e+004,  2.3657287e-005,
  1.4000000e+004,  2.8247908e-005,
  1.4250000e+004,  2.4805225e-005,
  1.4500000e+004,  2.0301433e-005,
  1.4750000e+004,  1.9075723e-005,
  1.5000000e+004,  2.2516702e-005,
  1.5250000e+004,  8.3717358e-005,
  1.5500000e+004,  1.9630418e-004,
  1.5750000e+004,  2.1062161e-004,
  1.6000000e+004,  1.0417640e-004,
  1.6250000e+004,  2.7344846e-005,
  1.6500000e+004,  1.9705697e-005,
  1.6750000e+004,  1.9257357e-005,
  1.7000000e+004,  1.8781038e-005,
  1.7250000e+004,  1.8304109e-005,
  1.7500000e+004,  1.9179303e-005,
  1.7750000e+004,  2.1142930e-005,
  1.8000000e+004,  2.3072141e-005,
  1.8250000e+004,  2.1944908e-005,
  1.8500000e+004,  2.0592077e-005,
  1.8750000e+004,  2.0232837e-005,
  1.9000000e+004,  1.8985551e-005,
  1.9250000e+004,  1.9049916e-005,
  1.9500000e+004,  2.0745976e-005,
  1.9750000e+004,  2.7068606e-005,
  2.0000000e+004,  3.2562742e-005,
  2.0250000e+004,  2.4654568e-005,
  2.0500000e+004,  1.8415958e-005,
  2.0750000e+004,  1.8168324e-005,
  2.1000000e+004,  1.8679609e-005,
  2.1250000e+004,  1.9453882e-005,
  2.1500000e+004,  1.8730256e-005,
  2.1750000e+004,  2.0123570e-005,
  2.2000000e+004,  2.2019306e-005,
  2.2250000e+004,  2.0137196e-005,
  2.2500000e+004,  1.8131466e-005,
  2.2750000e+004,  1.8465890e-005,
  2.3000000e+004,  1.9348819e-005,
  2.3250000e+004,  1.9974288e-005,
  2.3500000e+004,  2.0675881e-005,
  2.3750000e+004,  2.1402115e-005,
  2.4000000e+004,  2.0915178e-005,
  2.4250000e+004,  2.0619973e-005,
  2.4500000e+004,  2.1057233e-005,
  2.4750000e+004,  1.9933766e-005,
  2.5000000e+004,  1.8591310e-005,
  2.5250000e+004,  1.8415958e-005,
  2.5500000e+004,  1.8819215e-005,
  2.5750000e+004,  2.4654568e-005,
  2.6000000e+004,  3.0658944e-005,
  2.6250000e+004,  2.7437554e-005,
  2.6500000e+004,  2.1752647e-005,
  2.6750000e+004,  1.8870241e-005,
  2.7000000e+004,  1.9322643e-005,
  2.7250000e+004,  1.8391044e-005,
  2.7500000e+004,  1.7362751e-005,
  2.7750000e+004,  1.9361921e-005,
  2.8000000e+004,  2.1114324e-005,
  2.8250000e+004,  2.0260249e-005,
  2.8500000e+004,  1.9759124e-005,
  2.8750000e+004,  2.0191793e-005,
  2.9000000e+004,  2.0592077e-005,
  2.9250000e+004,  7.2936735e-004,
  2.9500000e+004,  8.8536973e-003,
  2.9750000e+004,  3.0638956e-002,
  3.0000000e+004,  4.5034543e-002,
  3.0250000e+004,  3.0659712e-002,
  3.0500000e+004,  8.8716956e-003,
  3.0750000e+004,  7.3332768e-004,
  3.1000000e+004,  6.8795946e-005,
  3.1250000e+004,  1.1383608e-004,
  3.1500000e+004,  9.0985956e-005,
  3.1750000e+004,  3.7587512e-005,
  3.2000000e+004,  2.0411668e-005,
  3.2250000e+004,  1.8603899e-005,
  3.2500000e+004,  1.9388153e-005,
  3.2750000e+004,  1.9679038e-005,
  3.3000000e+004,  1.9231302e-005,
  3.3250000e+004,  1.8629101e-005,
  3.3500000e+004,  1.7984784e-005,
  3.3750000e+004,  1.9179303e-005,
  3.4000000e+004,  2.2079008e-005,
  3.4250000e+004,  2.1057233e-005,
  3.4500000e+004,  1.9826113e-005,
  3.4750000e+004,  1.9572759e-005,
  3.5000000e+004,  1.8793755e-005,
  3.5250000e+004,  1.8453395e-005,
  3.5500000e+004,  1.8998407e-005,
  3.5750000e+004,  1.9493427e-005,
  3.6000000e+004,  2.0689881e-005,
  3.6250000e+004,  2.1000297e-005,
  3.6500000e+004,  2.0957693e-005,
  3.6750000e+004,  2.0578143e-005,
  3.7000000e+004,  1.9257357e-005,
  3.7250000e+004,  1.8742939e-005,
  3.7500000e+004,  1.9812698e-005,
  3.7750000e+004,  2.1228974e-005,
  3.8000000e+004,  2.1576668e-005,
  3.8250000e+004,  2.0178130e-005,
  3.8500000e+004,  1.8629101e-005,
  3.8750000e+004,  1.7984784e-005,
  3.9000000e+004,  1.7468850e-005,
  3.9250000e+004,  1.8541039e-005,
  3.9500000e+004,  2.0164476e-005,
  3.9750000e+004,  2.0971884e-005,
  4.0000000e+004,  2.1708517e-005,
  4.0250000e+004,  2.1028746e-005,
  4.0500000e+004,  1.9812698e-005,
  4.0750000e+004,  1.9826113e-005,
  4.1000000e+004,  2.0384054e-005,
  4.1250000e+004,  2.0564219e-005,
  4.1500000e+004,  2.0592077e-005,
  4.1750000e+004,  2.1416606e-005,
  4.2000000e+004,  2.1708517e-005,
  4.2250000e+004,  1.9586013e-005,
  4.2500000e+004,  2.0370258e-005,
  4.2750000e+004,  2.0802223e-005,
  4.3000000e+004,  1.9533054e-005,
  4.3250000e+004,  1.9375031e-005,
  4.3500000e+004,  1.9375031e-005,
  4.3750000e+004,  1.9933766e-005,
  4.4000000e+004,  2.1071492e-005,
  4.4250000e+004,  2.0219146e-005,
  4.4500000e+004,  2.0137196e-005,
  4.4750000e+004,  2.0816309e-005,
  4.5000000e+004,  2.0816309e-005,
  4.5250000e+004,  2.0397856e-005,
  4.5500000e+004,  2.0689881e-005,
  4.5750000e+004,  2.2531948e-005,
  4.6000000e+004,  2.3481791e-005,
  4.6250000e+004,  2.1257732e-005,
  4.6500000e+004,  2.7586537e-005,
  4.6750000e+004,  5.8164394e-005,
  4.7000000e+004,  7.0397627e-005,
  4.7250000e+004,  4.3711924e-005,
  4.7500000e+004,  2.2334544e-005,
  4.7750000e+004,  2.1200254e-005,
  4.8000000e+004,  2.2138869e-005,
  4.8250000e+004,  2.0439320e-005,
  4.8500000e+004,  1.9533054e-005,
  4.8750000e+004,  1.8819215e-005,
  4.9000000e+004,  1.9114501e-005,
  4.9250000e+004,  2.6458933e-004,
  4.9500000e+004,  3.1901484e-003,
  4.9750000e+004,  1.1054732e-002,
  5.0000000e+004,  1.6270760e-002,
  5.0250000e+004,  1.1092208e-002,
  5.0500000e+004,  3.2139906e-003,
  5.0750000e+004,  2.6584602e-004,
  5.1000000e+004,  2.1944908e-005,
  5.1250000e+004,  2.1315369e-005,
  5.1500000e+004,  1.9179303e-005,
  5.1750000e+004,  1.9205285e-005,
  5.2000000e+004,  2.0042005e-005,
  5.2250000e+004,  2.0246539e-005,
  5.2500000e+004,  1.9826113e-005,
  5.2750000e+004,  1.9427564e-005,
  5.3000000e+004,  1.9218289e-005,
  5.3250000e+004,  1.8578730e-005,
  5.3500000e+004,  2.0014890e-005,
  5.3750000e+004,  2.2395101e-005,
  5.4000000e+004,  2.6026477e-005,
  5.4250000e+004,  2.4093632e-005,
  5.4500000e+004,  2.0425489e-005,
  5.4750000e+004,  2.0042005e-005,
  5.5000000e+004,  2.0986086e-005,
  5.5250000e+004,  2.1693828e-005,
  5.5500000e+004,  2.1518327e-005,
  5.5750000e+004,  2.1416606e-005,
  5.6000000e+004,  2.1358698e-005,
  5.6250000e+004,  2.0096345e-005,
  5.6500000e+004,  2.0219146e-005,
  5.6750000e+004,  2.1014516e-005,
  5.7000000e+004,  1.9692363e-005,
  5.7250000e+004,  1.9652413e-005,
  5.7500000e+004,  2.1000297e-005,
  5.7750000e+004,  2.1649819e-005,
  5.8000000e+004,  2.1930059e-005,
  5.8250000e+004,  1.9799289e-005,
  5.8500000e+004,  1.8553594e-005,
  5.8750000e+004,  1.9101565e-005,
  5.9000000e+004,  2.1071492e-005,
  5.9250000e+004,  2.1796864e-005,
  5.9500000e+004,  2.2108918e-005,
  5.9750000e+004,  2.3898716e-005,
  6.0000000e+004,  2.6114712e-005,
  6.0250000e+004,  2.2761894e-005,
  6.0500000e+004,  2.0439320e-005,
  6.0750000e+004,  1.9414418e-005,
  6.1000000e+004,  1.8819215e-005,
  6.1250000e+004,  1.9127444e-005,
  6.1500000e+004,  2.0508613e-005,
  6.1750000e+004,  2.3402452e-005,
  6.2000000e+004,  2.4771667e-005,
  6.2250000e+004,  3.0783718e-005,
  6.2500000e+004,  4.7927020e-005,
  6.2750000e+004,  4.3741517e-005,
  6.3000000e+004,  2.4554637e-005,
  6.3250000e+004,  2.0069155e-005,
  6.3500000e+004,  2.0411668e-005,
  6.3750000e+004,  2.0494735e-005,
  6.4000000e+004,  2.1272127e-005,
  6.4250000e+004,  2.1286533e-005,
  6.4500000e+004,  1.9652413e-005,
  6.4750000e+004,  1.8679609e-005,
  6.5000000e+004,  1.9852972e-005,
  6.5250000e+004,  1.9679038e-005,
  6.5500000e+004,  2.0178130e-005,
  6.5750000e+004,  2.1900391e-005,
  6.6000000e+004,  2.4077328e-005,
  6.6250000e+004,  2.2608338e-005,
  6.6500000e+004,  1.9361921e-005,
  6.6750000e+004,  1.9427564e-005,
  6.7000000e+004,  2.1737925e-005,
  6.7250000e+004,  2.2183871e-005,
  6.7500000e+004,  2.1329803e-005,
  6.7750000e+004,  2.1286533e-005,
  6.8000000e+004,  2.1057233e-005,
  6.8250000e+004,  2.0328935e-005,
  6.8500000e+004,  1.9546280e-005,
  6.8750000e+004,  1.9205285e-005,
  6.9000000e+004,  1.8679609e-005,
  6.9250000e+004,  1.3238427e-004,
  6.9500000e+004,  1.6233951e-003,
  6.9750000e+004,  5.6255055e-003,
  7.0000000e+004,  8.2742205e-003,
  7.0250000e+004,  5.6407600e-003,
  7.0500000e+004,  1.6344214e-003,
  7.0750000e+004,  1.3684882e-004,
  7.1000000e+004,  2.0774081e-005,
  7.1250000e+004,  2.0205465e-005,
  7.1500000e+004,  2.0287695e-005,
  7.1750000e+004,  2.1489215e-005,
  7.2000000e+004,  2.2289236e-005,
  7.2250000e+004,  2.0425489e-005,
  7.2500000e+004,  1.9519837e-005,
  7.2750000e+004,  2.0028443e-005,
  7.3000000e+004,  2.0219146e-005,
  7.3250000e+004,  2.1620530e-005,
  7.3500000e+004,  2.2593040e-005,
  7.3750000e+004,  2.2562475e-005,
  7.4000000e+004,  2.2531948e-005,
  7.4250000e+004,  2.0619973e-005,
  7.4500000e+004,  2.0453159e-005,
  7.4750000e+004,  2.2183871e-005,
  7.5000000e+004,  2.1811623e-005,
  7.5250000e+004,  2.1664479e-005,
  7.5500000e+004,  2.2198893e-005,
  7.5750000e+004,  2.1157247e-005,
  7.6000000e+004,  2.1085759e-005,
  7.6250000e+004,  2.0760023e-005,
  7.6500000e+004,  2.0137196e-005,
  7.6750000e+004,  2.0109953e-005,
  7.7000000e+004,  1.9388153e-005,
  7.7250000e+004,  1.9361921e-005,
  7.7500000e+004,  2.0260249e-005,
  7.7750000e+004,  2.3370791e-005,
  7.8000000e+004,  3.3524466e-005,
  7.8250000e+004,  3.8934107e-005,
  7.8500000e+004,  2.9141312e-005,
  7.8750000e+004,  2.0689881e-005,
  7.9000000e+004,  1.9947265e-005,
  7.9250000e+004,  2.0550304e-005,
  7.9500000e+004,  2.1796864e-005,
  7.9750000e+004,  2.3244575e-005,
  8.0000000e+004,  2.4488244e-005,
  8.0250000e+004,  2.2854526e-005,
  8.0500000e+004,  2.1373160e-005,
  8.0750000e+004,  2.1782115e-005,
  8.1000000e+004,  2.2531948e-005,
  8.1250000e+004,  2.1767376e-005,
  8.1500000e+004,  2.1900391e-005,
  8.1750000e+004,  2.3087763e-005,
  8.2000000e+004,  2.2854526e-005,
  8.2250000e+004,  2.1329803e-005,
  8.2500000e+004,  2.1272127e-005,
  8.2750000e+004,  2.1974637e-005,
  8.3000000e+004,  2.2638966e-005,
  8.3250000e+004,  2.2004406e-005,
  8.3500000e+004,  2.0943511e-005,
  8.3750000e+004,  2.0971884e-005,
  8.4000000e+004,  2.0957693e-005,
  8.4250000e+004,  2.0411668e-005,
  8.4500000e+004,  2.0901025e-005,
  8.4750000e+004,  2.0731938e-005,
  8.5000000e+004,  1.9639115e-005,
  8.5250000e+004,  1.9960772e-005,
  8.5500000e+004,  2.2319431e-005,
  8.5750000e+004,  2.5973676e-005,
  8.6000000e+004,  2.9279722e-005,
  8.6250000e+004,  2.4923040e-005,
  8.6500000e+004,  2.1489215e-005,
  8.6750000e+004,  2.1171573e-005,
  8.7000000e+004,  2.1100037e-005,
  8.7250000e+004,  2.1000297e-005,
  8.7500000e+004,  2.0508613e-005,
  8.7750000e+004,  2.0328935e-005,
  8.8000000e+004,  2.1591280e-005,
  8.8250000e+004,  2.1547477e-005,
  8.8500000e+004,  2.0467009e-005,
  8.8750000e+004,  2.0647907e-005,
  8.9000000e+004,  2.1605900e-005,
  8.9250000e+004,  8.2591626e-005,
  8.9500000e+004,  9.8308074e-004,
  8.9750000e+004,  3.4066421e-003,
  9.0000000e+004,  5.0174134e-003,
  9.0250000e+004,  3.4205050e-003,
  9.0500000e+004,  9.9109852e-004,
  9.0750000e+004,  8.4801022e-005,
  9.1000000e+004,  2.1402115e-005,
  9.1250000e+004,  2.0788147e-005,
  9.1500000e+004,  1.9906798e-005,
  9.1750000e+004,  1.9879867e-005,
  9.2000000e+004,  2.1782115e-005,
  9.2250000e+004,  2.1200254e-005,
  9.2500000e+004,  2.0745976e-005,
  9.2750000e+004,  2.0957693e-005,
  9.3000000e+004,  2.0619973e-005,
  9.3250000e+004,  2.0816309e-005,
  9.3500000e+004,  2.2947537e-005,
  9.3750000e+004,  3.0514019e-005,
  9.4000000e+004,  3.1330288e-005,
  9.4250000e+004,  2.3593320e-005,
  9.4500000e+004,  2.0109953e-005,
  9.4750000e+004,  1.9893328e-005,
  9.5000000e+004,  2.1157247e-005,
  9.5250000e+004,  2.0802223e-005,
  9.5500000e+004,  1.9906798e-005,
  9.5750000e+004,  2.0606020e-005,
  9.6000000e+004,  2.2123888e-005,
  9.6250000e+004,  2.1930059e-005,
  9.6500000e+004,  2.1460143e-005,
  9.6750000e+004,  2.0356474e-005,
  9.7000000e+004,  2.1000297e-005,
  9.7250000e+004,  2.2410265e-005,
  9.7500000e+004,  2.1915220e-005,
  9.7750000e+004,  2.1100037e-005,
  9.8000000e+004,  2.2379947e-005,
  9.8250000e+004,  2.2304328e-005,
  9.8500000e+004,  2.1460143e-005,
  9.8750000e+004,  2.1315369e-005,
  9.9000000e+004,  2.0522499e-005,
  9.9250000e+004,  1.9812698e-005,
  9.9500000e+004,  1.9826113e-005,
  9.9750000e+004,  2.3545458e-005,
