  0.0000000e+000,  1.3137477e-002,
  2.5000000e+002,  8.9380000e-003,
  5.0000000e+002,  2.5845492e-003,
  7.5000000e+002,  2.1537936e-004,
  1.0000000e+003,  4.5063894e-005,
  1.2500000e+003,  2.8401292e-005,
  1.5000000e+003,  2.2138869e-005,
  1.7500000e+003,  2.1503766e-005,
  2.0000000e+003,  2.2364801e-005,
  2.2500000e+003,  2.2093958e-005,
  2.5000000e+003,  2.0342700e-005,
  2.7500000e+003,  2.0082745e-005,
  3.0000000e+003,  2.0411668e-005,
  3.2500000e+003,  2.0232837e-005,
  3.5000000e+003,  2.0096345e-005,
  3.7500000e+003,  1.9493427e-005,
  4.0000000e+003,  1.8629101e-005,
  4.2500000e+003,  1.8616496e-005,
  4.5000000e+003,  1.9218289e-005,
  4.7500000e+003,  1.9879867e-005,
  5.0000000e+003,  2.0453159e-005,
  5.2500000e+003,  1.9772503e-005,
  5.5000000e+003,  1.9140395e-005,
  5.7500000e+003,  2.0069155e-005,
  6.0000000e+003,  2.6686549e-005,
  6.2500000e+003,  3.3683690e-005,
  6.5000000e+003,  2.8439767e-005,
  6.7500000e+003,  2.3513601e-005,
  7.0000000e+003,  2.4388990e-005,
  7.2500000e+003,  2.2455819e-005,
  7.5000000e+003,  2.1723216e-005,
  7.7500000e+003,  2.5815922e-005,
  8.0000000e+003,  2.9961398e-005,
  8.2500000e+003,  2.4738151e-005,
  8.5000000e+003,  2.0150831e-005,
  8.7500000e+003,  2.7530572e-005,
  9.0000000e+003,  3.4608172e-005,
  9.2500000e+003,  2.6885997e-005,
  9.5000000e+003,  2.0425489e-005,
  9.7500000e+003,  2.3386616e-005,
  1.0000000e+004,  2.6995415e-005,
  1.0250000e+004,  2.4093632e-005,
  1.0500000e+004,  2.1605900e-005,
  1.0750000e+004,  2.6434846e-005,
  1.1000000e+004,  3.1309088e-005,
  1.1250000e+004,  2.5641764e-005,
  1.1500000e+004,  2.0522499e-005,
  1.1750000e+004,  2.0564219e-005,
  1.2000000e+004,  2.1547477e-005,
  1.2250000e+004,  2.0480867e-005,
  1.2500000e+004,  1.9732393e-005,
  1.2750000e+004,  1.9533054e-005,
  1.3000000e+004,  2.0578143e-005,
  1.3250000e+004,  2.0578143e-005,
  1.3500000e+004,  1.9799289e-005,
  1.3750000e+004,  2.0123570e-005,
  1.4000000e+004,  2.1114324e-005,
  1.4250000e+004,  2.1228974e-005,
  1.4500000e+004,  2.1300946e-005,
  1.4750000e+004,  2.1959768e-005,
  1.5000000e+004,  2.4671262e-005,
  1.5250000e+004,  5.9679925e-005,
  1.5500000e+004,  1.3220514e-004,
  1.5750000e+004,  1.4136826e-004,
  1.6000000e+004,  7.2821013e-005,
  1.6250000e+004,  2.5245646e-005,
  1.6500000e+004,  1.9533054e-005,
  1.6750000e+004,  2.1547477e-005,
  1.7000000e+004,  2.3497691e-005,
  1.7250000e+004,  2.1620530e-005,
  1.7500000e+004,  1.9348819e-005,
  1.7750000e+004,  1.8503426e-005,
  1.8000000e+004,  1.9799289e-005,
  1.8250000e+004,  2.0028443e-005,
  1.8500000e+004,  2.0001347e-005,
  1.8750000e+004,  2.0760023e-005,
  1.9000000e+004,  2.1071492e-005,
  1.9250000e+004,  1.9153356e-005,
  1.9500000e+004,  1.9533054e-005,
  1.9750000e+004,  2.0564219e-005,
  2.0000000e+004,  2.1664479e-005,
  2.0250000e+004,  2.1272127e-005,
  2.0500000e+004,  2.0096345e-005,
  2.0750000e+004,  2.0689881e-005,
  2.1000000e+004,  2.1826393e-005,
  2.1250000e+004,  2.0760023e-005,
  2.1500000e+004,  1.9879867e-005,
  2.1750000e+004,  2.1243348e-005,
  2.2000000e+004,  2.2064068e-005,
  2.2250000e+004,  2.0578143e-005,
  2.2500000e+004,  1.9785892e-005,
  2.2750000e+004,  2.1272127e-005,
  2.3000000e+004,  2.1841172e-005,
  2.3250000e+004,  2.0703890e-005,
  2.3500000e+004,  1.9612546e-005,
  2.3750000e+004,  1.9772503e-005,
  2.4000000e+004,  2.0844511e-005,
  2.4250000e+004,  2.0453159e-005,
  2.4500000e+004,  1.9759124e-005,
  2.4750000e+004,  2.0287695e-005,
  2.5000000e+004,  2.1693828e-005,
  2.5250000e+004,  1.9467055e-005,
  2.5500000e+004,  1.8254614e-005,
  2.5750000e+004,  2.2064068e-005,
  2.6000000e+004,  2.6777025e-005,
  2.6250000e+004,  2.6061735e-005,
  2.6500000e+004,  2.3291825e-005,
  2.6750000e+004,  2.1014516e-005,
  2.7000000e+004,  2.0287695e-005,
  2.7250000e+004,  2.0592077e-005,
  2.7500000e+004,  2.1286533e-005,
  2.7750000e+004,  2.1057233e-005,
  2.8000000e+004,  2.1171573e-005,
  2.8250000e+004,  1.9705697e-005,
  2.8500000e+004,  1.8985551e-005,
  2.8750000e+004,  2.0788147e-005,
  2.9000000e+004,  2.1855961e-005,
  2.9250000e+004,  2.0971884e-005,
  2.9500000e+004,  2.0986086e-005,
  2.9750000e+004,  2.1028746e-005,
  3.0000000e+004,  2.1605900e-005,
  3.0250000e+004,  2.0858625e-005,
  3.0500000e+004,  1.9639115e-005,
  3.0750000e+004,  2.2684985e-005,
  3.1000000e+004,  4.5801973e-005,
  3.1250000e+004,  6.9404016e-005,
  3.1500000e+004,  5.5435121e-005,
  3.1750000e+004,  3.0493371e-005,
  3.2000000e+004,  2.8305329e-005,
  3.2250000e+004,  2.4571266e-005,
  3.2500000e+004,  2.1085759e-005,
  3.2750000e+004,  2.3244575e-005,
  3.3000000e+004,  2.6560398e-005,
  3.3250000e+004,  2.3386616e-005,
  3.3500000e+004,  2.0082745e-005,
  3.3750000e+004,  2.1767376e-005,
  3.4000000e+004,  2.3705378e-005,
  3.4250000e+004,  2.1272127e-005,
  3.4500000e+004,  1.9546280e-005,
  3.4750000e+004,  2.0397856e-005,
  3.5000000e+004,  2.2608338e-005,
  3.5250000e+004,  2.2004406e-005,
  3.5500000e+004,  2.1042985e-005,
  3.5750000e+004,  2.1693828e-005,
  3.6000000e+004,  2.2854526e-005,
  3.6250000e+004,  2.0536398e-005,
  3.6500000e+004,  1.9153356e-005,
  3.6750000e+004,  2.1100037e-005,
  3.7000000e+004,  2.3244575e-005,
  3.7250000e+004,  2.2168860e-005,
  3.7500000e+004,  2.2425439e-005,
  3.7750000e+004,  2.2885489e-005,
  3.8000000e+004,  2.2994184e-005,
  3.8250000e+004,  2.1257732e-005,
  3.8500000e+004,  2.1128624e-005,
  3.8750000e+004,  2.3025334e-005,
  3.9000000e+004,  2.4822021e-005,
  3.9250000e+004,  2.2364801e-005,
  3.9500000e+004,  2.0703890e-005,
  3.9750000e+004,  2.2019306e-005,
  4.0000000e+004,  2.4093632e-005,
  4.0250000e+004,  2.2471024e-005,
  4.0500000e+004,  2.1300946e-005,
  4.0750000e+004,  2.3354975e-005,
  4.1000000e+004,  2.4504825e-005,
  4.1250000e+004,  2.1503766e-005,
  4.1500000e+004,  1.9440718e-005,
  4.1750000e+004,  2.1300946e-005,
  4.2000000e+004,  2.4388990e-005,
  4.2250000e+004,  2.1576668e-005,
  4.2500000e+004,  2.1562068e-005,
  4.2750000e+004,  2.5279849e-005,
  4.3000000e+004,  2.9458642e-005,
  4.3250000e+004,  2.5868402e-005,
  4.3500000e+004,  2.3260314e-005,
  4.3750000e+004,  2.5348389e-005,
  4.4000000e+004,  2.9961398e-005,
  4.4250000e+004,  2.6849623e-005,
  4.4500000e+004,  2.3197421e-005,
  4.4750000e+004,  2.6542426e-005,
  4.5000000e+004,  3.3028925e-005,
  4.5250000e+004,  2.7623909e-005,
  4.5500000e+004,  2.1989517e-005,
  4.5750000e+004,  2.6256513e-005,
  4.6000000e+004,  3.1886566e-005,
  4.6250000e+004,  2.6381217e-005,
  4.6500000e+004,  2.5382728e-005,
  4.6750000e+004,  4.2257249e-005,
  4.7000000e+004,  5.2017722e-005,
  4.7250000e+004,  3.6361250e-005,
  4.7500000e+004,  2.7178767e-005,
  4.7750000e+004,  4.7539300e-005,
  4.8000000e+004,  6.3686851e-005,
  4.8250000e+004,  1.6226759e-002,
  4.8500000e+004,  1.9657504e-001,
  4.8750000e+004,  6.7980402e-001,
  4.9000000e+004,  9.9988318e-001,
  4.9250000e+004,  6.7521817e-001,
  4.9500000e+004,  2.2025010e-001,
  4.9750000e+004,  6.7020923e-001,
  5.0000000e+004,  9.9583033e-001,
  5.0250000e+004,  6.7888448e-001,
  5.0500000e+004,  1.9684129e-001,
  5.0750000e+004,  1.6348033e-002,
  5.1000000e+004,  5.7772002e-005,
  5.1250000e+004,  4.3387657e-005,
  5.1500000e+004,  2.5365553e-005,
  5.1750000e+004,  2.8964319e-005,
  5.2000000e+004,  3.5270366e-005,
  5.2250000e+004,  2.7868064e-005,
  5.2500000e+004,  2.2183871e-005,
  5.2750000e+004,  2.5555127e-005,
  5.3000000e+004,  2.8886003e-005,
  5.3250000e+004,  2.3753565e-005,
  5.3500000e+004,  2.0788147e-005,
  5.3750000e+004,  2.5143323e-005,
  5.4000000e+004,  3.0472737e-005,
  5.4250000e+004,  2.7363365e-005,
  5.4500000e+004,  2.2623647e-005,
  5.4750000e+004,  2.3898716e-005,
  5.5000000e+004,  2.7511943e-005,
  5.5250000e+004,  2.4405505e-005,
  5.5500000e+004,  2.1200254e-005,
  5.5750000e+004,  2.2049135e-005,
  5.6000000e+004,  2.5607074e-005,
  5.6250000e+004,  2.5434325e-005,
  5.6500000e+004,  2.4471674e-005,
  5.6750000e+004,  2.4637885e-005,
  5.7000000e+004,  2.5711288e-005,
  5.7250000e+004,  2.2562475e-005,
  5.7500000e+004,  2.1915220e-005,
  5.7750000e+004,  2.3705378e-005,
  5.8000000e+004,  2.5058367e-005,
  5.8250000e+004,  2.3577355e-005,
  5.8500000e+004,  2.2304328e-005,
  5.8750000e+004,  2.1959768e-005,
  5.9000000e+004,  2.2839061e-005,
  5.9250000e+004,  2.1605900e-005,
  5.9500000e+004,  1.9127444e-005,
  5.9750000e+004,  2.0986086e-005,
  6.0000000e+004,  2.3689335e-005,
  6.0250000e+004,  2.3150360e-005,
  6.0500000e+004,  2.2900986e-005,
  6.0750000e+004,  2.3434155e-005,
  6.1000000e+004,  2.3689335e-005,
  6.1250000e+004,  2.2228968e-005,
  6.1500000e+004,  2.1071492e-005,
  6.1750000e+004,  2.2123888e-005,
  6.2000000e+004,  2.3354975e-005,
  6.2250000e+004,  2.5885918e-005,
  6.2500000e+004,  3.0950871e-005,
  6.2750000e+004,  2.8267035e-005,
  6.3000000e+004,  2.3963511e-005,
  6.3250000e+004,  2.3625281e-005,
  6.3500000e+004,  2.3450023e-005,
  6.3750000e+004,  2.3291825e-005,
  6.4000000e+004,  2.3434155e-005,
  6.4250000e+004,  2.1959768e-005,
  6.4500000e+004,  2.2349667e-005,
  6.4750000e+004,  2.2547208e-005,
  6.5000000e+004,  2.2364801e-005,
  6.5250000e+004,  2.1344245e-005,
  6.5500000e+004,  2.0689881e-005,
  6.5750000e+004,  2.2349667e-005,
  6.6000000e+004,  2.4571266e-005,
  6.6250000e+004,  2.1693828e-005,
  6.6500000e+004,  2.1071492e-005,
  6.6750000e+004,  2.6686549e-005,
  6.7000000e+004,  3.1309088e-005,
  6.7250000e+004,  2.6614391e-005,
  6.7500000e+004,  2.2410265e-005,
  6.7750000e+004,  2.1315369e-005,
  6.8000000e+004,  2.3056529e-005,
  6.8250000e+004,  2.2108918e-005,
  6.8500000e+004,  2.0370258e-005,
  6.8750000e+004,  2.0055575e-005,
  6.9000000e+004,  2.1547477e-005,
  6.9250000e+004,  2.2274154e-005,
  6.9500000e+004,  2.1826393e-005,
  6.9750000e+004,  2.1737925e-005,
  7.0000000e+004,  2.2198893e-005,
  7.0250000e+004,  2.2274154e-005,
  7.0500000e+004,  2.1737925e-005,
  7.0750000e+004,  2.3103397e-005,
  7.1000000e+004,  2.3995975e-005,
  7.1250000e+004,  2.3577355e-005,
  7.1500000e+004,  2.4061036e-005,
  7.1750000e+004,  2.3689335e-005,
  7.2000000e+004,  2.4175314e-005,
  7.2250000e+004,  2.1767376e-005,
  7.2500000e+004,  2.0232837e-005,
  7.2750000e+004,  2.0872749e-005,
  7.3000000e+004,  2.2471024e-005,
  7.3250000e+004,  2.1870760e-005,
  7.3500000e+004,  2.2623647e-005,
  7.3750000e+004,  2.8555506e-005,
  7.4000000e+004,  2.8382074e-005,
  7.4250000e+004,  2.3577355e-005,
  7.4500000e+004,  2.1782115e-005,
  7.4750000e+004,  2.0397856e-005,
  7.5000000e+004,  2.1243348e-005,
  7.5250000e+004,  2.1547477e-005,
  7.5500000e+004,  2.0689881e-005,
  7.5750000e+004,  2.1460143e-005,
  7.6000000e+004,  2.3465901e-005,
  7.6250000e+004,  2.3040927e-005,
  7.6500000e+004,  2.1402115e-005,
  7.6750000e+004,  2.3370791e-005,
  7.7000000e+004,  2.6777025e-005,
  7.7250000e+004,  2.5126309e-005,
  7.7500000e+004,  2.1228974e-005,
  7.7750000e+004,  2.1387633e-005,
  7.8000000e+004,  2.4471674e-005,
  7.8250000e+004,  2.5177384e-005,
  7.8500000e+004,  2.2792729e-005,
  7.8750000e+004,  2.3481791e-005,
  7.9000000e+004,  2.5365553e-005,
  7.9250000e+004,  2.3497691e-005,
  7.9500000e+004,  2.1518327e-005,
  7.9750000e+004,  2.2577752e-005,
  8.0000000e+004,  2.4290136e-005,
  8.0250000e+004,  2.3323379e-005,
  8.0500000e+004,  2.1649819e-005,
  8.0750000e+004,  2.8114376e-005,
  8.1000000e+004,  3.5151193e-005,
  8.1250000e+004,  2.9638656e-005,
  8.1500000e+004,  2.5245646e-005,
  8.1750000e+004,  2.2978624e-005,
  8.2000000e+004,  2.0703890e-005,
  8.2250000e+004,  2.0328935e-005,
  8.2500000e+004,  2.1028746e-005,
  8.2750000e+004,  2.1605900e-005,
  8.3000000e+004,  2.1620530e-005,
  8.3250000e+004,  2.0467009e-005,
  8.3500000e+004,  2.1171573e-005,
  8.3750000e+004,  2.2870004e-005,
  8.4000000e+004,  2.3834094e-005,
  8.4250000e+004,  2.2608338e-005,
  8.4500000e+004,  2.2289236e-005,
  8.4750000e+004,  2.2900986e-005,
  8.5000000e+004,  2.2638966e-005,
  8.5250000e+004,  2.1693828e-005,
  8.5500000e+004,  2.1826393e-005,
  8.5750000e+004,  2.1057233e-005,
  8.6000000e+004,  2.0731938e-005,
  8.6250000e+004,  2.1532897e-005,
  8.6500000e+004,  2.2562475e-005,
  8.6750000e+004,  2.2777306e-005,
  8.7000000e+004,  2.3561401e-005,
  8.7250000e+004,  2.2049135e-005,
  8.7500000e+004,  2.1214609e-005,
  8.7750000e+004,  2.2577752e-005,
  8.8000000e+004,  2.2839061e-005,
  8.8250000e+004,  2.1620530e-005,
  8.8500000e+004,  2.2669635e-005,
  8.8750000e+004,  2.3577355e-005,
  8.9000000e+004,  2.3181721e-005,
  8.9250000e+004,  2.2761894e-005,
  8.9500000e+004,  2.2638966e-005,
  8.9750000e+004,  2.4044755e-005,
  9.0000000e+004,  2.7086934e-005,
  9.0250000e+004,  2.4788440e-005,
  9.0500000e+004,  2.1870760e-005,
  9.0750000e+004,  2.3291825e-005,
  9.1000000e+004,  2.5903446e-005,
  9.1250000e+004,  2.4822021e-005,
  9.1500000e+004,  2.2547208e-005,
  9.1750000e+004,  2.1989517e-005,
  9.2000000e+004,  2.2334544e-005,
  9.2250000e+004,  2.1959768e-005,
  9.2500000e+004,  2.2715719e-005,
  9.2750000e+004,  2.6632413e-005,
  9.3000000e+004,  3.0950871e-005,
  9.3250000e+004,  2.5815922e-005,
  9.3500000e+004,  2.1445622e-005,
  9.3750000e+004,  2.4355993e-005,
  9.4000000e+004,  2.5903446e-005,
  9.4250000e+004,  2.3087763e-005,
  9.4500000e+004,  2.1460143e-005,
  9.4750000e+004,  2.2274154e-005,
  9.5000000e+004,  2.2839061e-005,
  9.5250000e+004,  2.1315369e-005,
  9.5500000e+004,  2.0943511e-005,
  9.5750000e+004,  2.3450023e-005,
  9.6000000e+004,  2.4654568e-005,
  9.6250000e+004,  2.1930059e-005,
  9.6500000e+004,  2.0647907e-005,
  9.6750000e+004,  2.2808163e-005,
  9.7000000e+004,  2.5868402e-005,
  9.7250000e+004,  2.4405505e-005,
  9.7500000e+004,  2.7215586e-005,
  9.7750000e+004,  5.8559440e-005,
  9.8000000e+004,  8.3378042e-005,
  9.8250000e+004,  5.8797766e-005,
  9.8500000e+004,  3.3320852e-005,
  9.8750000e+004,  8.3604099e-005,
  9.9000000e+004,  1.1863490e-004,
  9.9250000e+004,  8.0385371e-005,
  9.9500000e+004,  2.6849623e-005,
  9.9750000e+004,  6.5434799e-005,
