  4.8937500e+004,  6.6671229e-006,
  4.8945313e+004,  7.0001063e-006,
  4.8953125e+004,  6.6356068e-006,
  4.8960938e+004,  6.5242602e-006,
  4.8968750e+004,  6.8966342e-006,
  4.8976563e+004,  7.1099418e-006,
  4.8984375e+004,  6.4147821e-006,
  4.8992188e+004,  6.0315679e-006,
  4.9000000e+004,  6.0315679e-006,
  4.9007813e+004,  6.2476530e-006,
  4.9015625e+004,  6.7625724e-006,
  4.9023438e+004,  7.1195739e-006,
  4.9031250e+004,  6.8873039e-006,
  4.9039063e+004,  6.7717338e-006,
  4.9046875e+004,  7.0095894e-006,
  4.9054688e+004,  6.1096417e-006,
  4.9062500e+004,  6.0315679e-006,
  4.9070313e+004,  6.7214993e-006,
  4.9078125e+004,  7.0095894e-006,
  4.9085938e+004,  6.5375225e-006,
  4.9093750e+004,  6.0315679e-006,
  4.9101563e+004,  6.1013760e-006,
  4.9109375e+004,  6.6897261e-006,
  4.9117188e+004,  6.2688341e-006,
  4.9125000e+004,  6.0315679e-006,
  4.9132813e+004,  6.0315679e-006,
  4.9140625e+004,  6.2476530e-006,
  4.9148438e+004,  7.0524230e-006,
  4.9156250e+004,  6.7946917e-006,
  4.9164063e+004,  6.2013063e-006,
  4.9171875e+004,  6.1678156e-006,
  4.9179688e+004,  6.9387775e-006,
  4.9187500e+004,  6.8547468e-006,
  4.9195313e+004,  6.1929166e-006,
  4.9203125e+004,  6.1594713e-006,
  4.9210938e+004,  6.3585815e-006,
  4.9218750e+004,  6.6897261e-006,
  4.9226563e+004,  6.5154336e-006,
  4.9234375e+004,  6.0315679e-006,
  4.9242188e+004,  6.0315679e-006,
  4.9250000e+004,  7.2902615e-006,
  4.9257813e+004,  7.1292189e-006,
  4.9265625e+004,  6.0643187e-006,
  4.9273438e+004,  6.2013063e-006,
  4.9281250e+004,  6.0315679e-006,
  4.9289063e+004,  6.5463790e-006,
  4.9296875e+004,  6.3499790e-006,
  4.9304688e+004,  6.0561144e-006,
  4.9312500e+004,  6.5596863e-006,
  4.9320313e+004,  6.8873039e-006,
  4.9328125e+004,  7.0285944e-006,
  4.9335938e+004,  6.0766461e-006,
  4.9343750e+004,  6.0315679e-006,
  4.9351563e+004,  6.1013760e-006,
  4.9359375e+004,  8.1848885e-006,
  4.9367188e+004,  7.9554698e-006,
  4.9375000e+004,  6.9387775e-006,
  4.9382813e+004,  6.2139121e-006,
  4.9390625e+004,  6.5685729e-006,
  4.9398438e+004,  7.5770414e-006,
  4.9406250e+004,  6.3931080e-006,
  4.9414063e+004,  6.1345059e-006,
  4.9421875e+004,  6.9293902e-006,
  4.9429688e+004,  8.7877988e-006,
  4.9437500e+004,  8.6286486e-006,
  4.9445313e+004,  6.6221455e-006,
  4.9453125e+004,  6.0315679e-006,
  4.9460938e+004,  7.0524230e-006,
  4.9468750e+004,  9.0167730e-006,
  4.9476563e+004,  7.6699266e-006,
  4.9484375e+004,  6.1013760e-006,
  4.9492188e+004,  6.4496137e-006,
  4.9500000e+004,  8.7581067e-006,
  4.9507813e+004,  8.7877988e-006,
  4.9515625e+004,  6.1013760e-006,
  4.9523438e+004,  6.0315679e-006,
  4.9531250e+004,  7.5208330e-006,
  4.9539063e+004,  9.1273075e-006,
  4.9546875e+004,  8.0095032e-006,
  4.9554688e+004,  6.0315679e-006,
  4.9562500e+004,  6.0315679e-006,
  4.9570313e+004,  8.0475449e-006,
  4.9578125e+004,  8.9256841e-006,
  4.9585938e+004,  6.6671229e-006,
  4.9593750e+004,  6.0315679e-006,
  4.9601563e+004,  7.2902615e-006,
  4.9609375e+004,  9.8728770e-006,
  4.9617188e+004,  8.5299251e-006,
  4.9625000e+004,  6.5908419e-006,
  4.9632813e+004,  6.8873039e-006,
  4.9640625e+004,  9.4799328e-006,
  4.9648438e+004,  1.0592954e-005,
  4.9656250e+004,  7.4247258e-006,
  4.9664063e+004,  6.7078638e-006,
  4.9671875e+004,  7.8751026e-006,
  4.9679688e+004,  1.0987319e-005,
  4.9687500e+004,  9.3587909e-006,
  4.9695313e+004,  6.6221455e-006,
  4.9703125e+004,  6.6987888e-006,
  4.9710938e+004,  1.0795640e-005,
  4.9718750e+004,  1.2169756e-005,
  4.9726563e+004,  8.4152248e-006,
  4.9734375e+004,  6.0315679e-006,
  4.9742188e+004,  9.2956549e-006,
  4.9750000e+004,  1.4980699e-005,
  4.9757813e+004,  1.3361351e-005,
  4.9765625e+004,  7.2019743e-006,
  4.9773438e+004,  7.4650414e-006,
  4.9781250e+004,  1.4152664e-005,
  4.9789063e+004,  1.7362751e-005,
  4.9796875e+004,  1.1197550e-005,
  4.9804688e+004,  6.4365298e-006,
  4.9812500e+004,  1.0664901e-005,
  4.9820313e+004,  1.8553594e-005,
  4.9828125e+004,  1.7059851e-005,
  4.9835938e+004,  8.7226084e-006,
  4.9843750e+004,  9.0106717e-006,
  4.9851563e+004,  1.9153356e-005,
  4.9859375e+004,  2.5143323e-005,
  4.9867188e+004,  1.6447527e-005,
  4.9875000e+004,  7.9393310e-006,
  4.9882813e+004,  1.3119372e-005,
  4.9890625e+004,  2.4738151e-005,
  4.9898438e+004,  2.3276064e-005,
  4.9906250e+004,  1.1756801e-005,
  4.9914063e+004,  1.0436375e-005,
  4.9921875e+004,  2.5763552e-005,
  4.9929688e+004,  3.5079885e-005,
  4.9937500e+004,  2.3979738e-005,
  4.9945313e+004,  1.2588692e-005,
  4.9953125e+004,  2.9121594e-005,
  4.9960938e+004,  5.8361576e-005,
  4.9968750e+004,  5.8997095e-005,
  4.9976563e+004,  1.6270760e-002,
  4.9984375e+004,  1.9684129e-001,
  4.9992188e+004,  6.8026455e-001,
  5.0000000e+004,  9.9988318e-001,
  5.0007813e+004,  6.8026455e-001,
  5.0015625e+004,  2.0667238e-001,
  5.0023438e+004,  3.9689352e-001,
  5.0031250e+004,  8.9482394e-001,
  5.0039063e+004,  9.1503720e-001,
  5.0046875e+004,  4.2526480e-001,
  5.0054688e+004,  7.4316780e-002,
  5.0062500e+004,  2.1253289e-003,
  5.0070313e+004,  6.5257870e-005,
  5.0078125e+004,  4.3711924e-005,
  5.0085938e+004,  2.6578383e-005,
  5.0093750e+004,  2.5262740e-005,
  5.0101563e+004,  3.4351439e-005,
  5.0109375e+004,  3.3298305e-005,
  5.0117188e+004,  1.9414418e-005,
  5.0125000e+004,  1.1061944e-005,
  5.0132813e+004,  1.5686366e-005,
  5.0140625e+004,  2.2289236e-005,
  5.0148438e+004,  1.7071402e-005,
  5.0156250e+004,  7.4650414e-006,
  5.0164063e+004,  8.9620089e-006,
  5.0171875e+004,  1.8666970e-005,
  5.0179688e+004,  2.0536398e-005,
  5.0187500e+004,  1.1717078e-005,
  5.0195313e+004,  6.8686810e-006,
  5.0203125e+004,  1.1024568e-005,
  5.0210938e+004,  1.7025241e-005,
  5.0218750e+004,  1.4095301e-005,
  5.0226563e+004,  7.5106581e-006,
  5.0234375e+004,  7.3001379e-006,
  5.0242188e+004,  1.2537668e-005,
  5.0250000e+004,  1.4501780e-005,
  5.0257813e+004,  9.4351201e-006,
  5.0265625e+004,  6.2815771e-006,
  5.0273438e+004,  8.7581067e-006,
  5.0281250e+004,  1.3626228e-005,
  5.0289063e+004,  1.1450492e-005,
  5.0296875e+004,  6.8269634e-006,
  5.0304688e+004,  7.1922308e-006,
  5.0312500e+004,  9.5120721e-006,
  5.0320313e+004,  1.0240434e-005,
  5.0328125e+004,  7.5924438e-006,
  5.0335938e+004,  6.5463790e-006,
  5.0343750e+004,  7.5924438e-006,
  5.0351563e+004,  1.0657685e-005,
  5.0359375e+004,  1.0136984e-005,
  5.0367188e+004,  7.2803987e-006,
  5.0375000e+004,  6.0561144e-006,
  5.0382813e+004,  8.1076898e-006,
  5.0390625e+004,  9.7006399e-006,
  5.0398438e+004,  7.2215009e-006,
  5.0406250e+004,  6.0315679e-006,
  5.0414063e+004,  7.5208330e-006,
  5.0421875e+004,  9.9601392e-006,
  5.0429688e+004,  9.3271695e-006,
  5.0437500e+004,  7.7167952e-006,
  5.0445313e+004,  6.8269634e-006,
  5.0453125e+004,  7.5106581e-006,
  5.0460938e+004,  8.8295368e-006,
  5.0468750e+004,  7.6491874e-006,
  5.0476563e+004,  6.8362120e-006,
  5.0484375e+004,  7.0715441e-006,
  5.0492188e+004,  8.3471464e-006,
  5.0500000e+004,  8.7640370e-006,
  5.0507813e+004,  6.7306050e-006,
  5.0515625e+004,  7.1003229e-006,
  5.0523438e+004,  7.9554698e-006,
  5.0531250e+004,  8.8654700e-006,
  5.0539063e+004,  7.0715441e-006,
  5.0546875e+004,  6.0889985e-006,
  5.0554688e+004,  6.5242602e-006,
  5.0562500e+004,  7.9393310e-006,
  5.0570313e+004,  7.8484943e-006,
  5.0578125e+004,  6.4278219e-006,
  5.0585938e+004,  6.1803534e-006,
  5.0593750e+004,  6.6131864e-006,
  5.0601563e+004,  7.6855177e-006,
  5.0609375e+004,  7.2902615e-006,
  5.0617188e+004,  7.1533886e-006,
  5.0625000e+004,  6.7946917e-006,
  5.0632813e+004,  7.1437109e-006,
  5.0640625e+004,  6.6535977e-006,
  5.0648438e+004,  6.2603530e-006,
  5.0656250e+004,  6.2815771e-006,
  5.0664063e+004,  7.2508899e-006,
  5.0671875e+004,  7.7167952e-006,
  5.0679688e+004,  6.7397231e-006,
  5.0687500e+004,  6.0315679e-006,
  5.0695313e+004,  6.0315679e-006,
  5.0703125e+004,  7.0285944e-006,
  5.0710938e+004,  8.3302130e-006,
  5.0718750e+004,  7.8219759e-006,
  5.0726563e+004,  7.5565535e-006,
  5.0734375e+004,  6.7625724e-006,
  5.0742188e+004,  6.7306050e-006,
  5.0750000e+004,  6.5685729e-006,
  5.0757813e+004,  6.2476530e-006,
  5.0765625e+004,  6.4714795e-006,
  5.0773438e+004,  7.3100274e-006,
  5.0781250e+004,  6.7717338e-006,
  5.0789063e+004,  6.1803534e-006,
  5.0796875e+004,  6.0315679e-006,
  5.0804688e+004,  6.4934194e-006,
  5.0812500e+004,  7.8431833e-006,
  5.0820313e+004,  6.8131139e-006,
  5.0828125e+004,  6.1678156e-006,
  5.0835938e+004,  6.0315679e-006,
  5.0843750e+004,  6.4714795e-006,
  5.0851563e+004,  6.3285238e-006,
  5.0859375e+004,  6.1594713e-006,
  5.0867188e+004,  6.0315679e-006,
  5.0875000e+004,  6.3499790e-006,
  5.0882813e+004,  7.1003229e-006,
  5.0890625e+004,  7.6751201e-006,
  5.0898438e+004,  6.6761550e-006,
  5.0906250e+004,  6.3585815e-006,
  5.0914063e+004,  6.7946917e-006,
  5.0921875e+004,  6.2688341e-006,
  5.0929688e+004,  6.0315679e-006,
  5.0937500e+004,  6.0315679e-006,
  5.0945313e+004,  6.7625724e-006,
  5.0953125e+004,  7.6751201e-006,
  5.0960938e+004,  7.3846280e-006,
  5.0968750e+004,  6.1803534e-006,
  5.0976563e+004,  6.0315679e-006,
  5.0984375e+004,  6.2943461e-006,
  5.0992188e+004,  6.6761550e-006,
  5.1000000e+004,  6.0438287e-006,
  5.1007813e+004,  6.2688341e-006,
  5.1015625e+004,  6.2139121e-006,
  5.1023438e+004,  6.6131864e-006,
  5.1031250e+004,  6.6535977e-006,
  5.1039063e+004,  6.1345059e-006,
  5.1046875e+004,  6.6356068e-006,
  5.1054688e+004,  7.6233424e-006,
  5.1062500e+004,  7.3199305e-006,
  5.1070313e+004,  6.5022161e-006,
  5.1078125e+004,  6.0315679e-006,
  5.1085938e+004,  6.3844588e-006,
  5.1093750e+004,  7.4802161e-006,
  5.1101563e+004,  6.7809076e-006,
  5.1109375e+004,  6.4496137e-006,
  5.1117188e+004,  7.2607129e-006,
  5.1125000e+004,  6.8269634e-006,
  5.1132813e+004,  6.0315679e-006,
  5.1140625e+004,  6.0315679e-006,
  5.1148438e+004,  6.0315679e-006,
  5.1156250e+004,  6.0315679e-006,
  5.1164063e+004,  6.0315679e-006,
  5.1171875e+004,  6.0315679e-006,
  5.1179688e+004,  6.0315679e-006,
  5.1187500e+004,  6.0315679e-006,
  5.1195313e+004,  6.0315679e-006,
  5.1203125e+004,  6.3156855e-006,
  5.1210938e+004,  6.5375225e-006,
  5.1218750e+004,  6.5997707e-006,
  5.1226563e+004,  6.1678156e-006,
  5.1234375e+004,  6.0315679e-006,
  5.1242188e+004,  6.0561144e-006,
  5.1250000e+004,  6.6761550e-006,
  5.1257813e+004,  6.7625724e-006,
  5.1265625e+004,  7.0095894e-006,
  5.1273438e+004,  6.4278219e-006,
  5.1281250e+004,  6.0315679e-006,
  5.1289063e+004,  6.2349787e-006,
  5.1296875e+004,  6.8454732e-006,
  5.1304688e+004,  6.1929166e-006,
  5.1312500e+004,  6.0315679e-006,
  5.1320313e+004,  6.2603530e-006,
  5.1328125e+004,  6.8547468e-006,
  5.1335938e+004,  7.0095894e-006,
  5.1343750e+004,  6.8686810e-006,
  5.1351563e+004,  6.4802466e-006,
  5.1359375e+004,  6.7214993e-006,
  5.1367188e+004,  6.7078638e-006,
  5.1375000e+004,  6.8131139e-006,
  5.1382813e+004,  6.5997707e-006,
  5.1390625e+004,  6.3028732e-006,
  5.1398438e+004,  6.4147821e-006,
  5.1406250e+004,  6.9293902e-006,
  5.1414063e+004,  7.0190855e-006,
  5.1421875e+004,  6.3370972e-006,
  5.1429688e+004,  6.0315679e-006,
  5.1437500e+004,  6.0315679e-006,
  5.1445313e+004,  6.0315679e-006,
  5.1453125e+004,  6.0315679e-006,
  5.1460938e+004,  6.0438287e-006,
  5.1468750e+004,  6.7214993e-006,
  5.1476563e+004,  6.0766461e-006,
  5.1484375e+004,  6.0315679e-006,
  5.1492188e+004,  6.0315679e-006,
  5.1500000e+004,  6.3028732e-006,
  5.1507813e+004,  6.1594713e-006,
  5.1515625e+004,  6.1345059e-006,
  5.1523438e+004,  6.0561144e-006,
  5.1531250e+004,  6.1096417e-006,
  5.1539063e+004,  6.2139121e-006,
  5.1546875e+004,  6.0889985e-006,
  5.1554688e+004,  6.0315679e-006,
  5.1562500e+004,  6.0315679e-006,
  5.1570313e+004,  6.0315679e-006,
  5.1578125e+004,  6.0315679e-006,
  5.1585938e+004,  6.0315679e-006,
  5.1593750e+004,  6.1929166e-006,
  5.1601563e+004,  6.5154336e-006,
  5.1609375e+004,  6.8966342e-006,
  5.1617188e+004,  6.1096417e-006,
  5.1625000e+004,  6.0315679e-006,
  5.1632813e+004,  6.0315679e-006,
  5.1640625e+004,  6.2265435e-006,
  5.1648438e+004,  6.7625724e-006,
  5.1656250e+004,  6.6131864e-006,
  5.1664063e+004,  6.0315679e-006,
  5.1671875e+004,  6.0315679e-006,
  5.1679688e+004,  6.0315679e-006,
  5.1687500e+004,  6.0315679e-006,
  5.1695313e+004,  6.0315679e-006,
  5.1703125e+004,  6.4061036e-006,
  5.1710938e+004,  6.1096417e-006,
  5.1718750e+004,  6.0315679e-006,
  5.1726563e+004,  6.1345059e-006,
  5.1734375e+004,  6.3156855e-006,
  5.1742188e+004,  6.2476530e-006,
  5.1750000e+004,  6.0315679e-006,
  5.1757813e+004,  6.0315679e-006,
  5.1765625e+004,  6.0315679e-006,
  5.1773438e+004,  6.0315679e-006,
  5.1781250e+004,  6.0315679e-006,
  5.1789063e+004,  6.0315679e-006,
  5.1796875e+004,  6.0315679e-006,
  5.1804688e+004,  6.5685729e-006,
  5.1812500e+004,  6.2688341e-006,
  5.1820313e+004,  6.2139121e-006,
  5.1828125e+004,  6.3156855e-006,
  5.1835938e+004,  6.5022161e-006,
  5.1843750e+004,  6.3499790e-006,
  5.1851563e+004,  6.0315679e-006,
  5.1859375e+004,  6.1803534e-006,
  5.1867188e+004,  6.0315679e-006,
  5.1875000e+004,  6.0315679e-006,
  5.1882813e+004,  6.0315679e-006,
  5.1890625e+004,  6.8038965e-006,
  5.1898438e+004,  6.2603530e-006,
  5.1906250e+004,  6.2139121e-006,
  5.1914063e+004,  6.4583512e-006,
  5.1921875e+004,  7.1195739e-006,
  5.1929688e+004,  7.2803987e-006,
  5.1937500e+004,  6.3844588e-006,
  5.1945313e+004,  6.0315679e-006,
  5.1953125e+004,  6.0315679e-006,
  5.1960938e+004,  6.0315679e-006,
  5.1968750e+004,  6.0315679e-006,
  5.1976563e+004,  6.5908419e-006,
  5.1984375e+004,  6.5685729e-006,
  5.1992188e+004,  6.0315679e-006,
  5.2000000e+004,  6.0315679e-006,
  5.2007813e+004,  6.6761550e-006,
  5.2015625e+004,  7.1630794e-006,
  5.2023438e+004,  6.7078638e-006,
  5.2031250e+004,  6.6671229e-006,
  5.2039063e+004,  6.4583512e-006,
  5.2046875e+004,  6.2688341e-006,
  5.2054688e+004,  6.1013760e-006,
