  3.8000000e+004,  1.2244122e-005,
  3.8062500e+004,  1.1957449e-005,
  3.8125000e+004,  1.2293952e-005,
  3.8187500e+004,  1.2087658e-005,
  3.8250000e+004,  1.2327284e-005,
  3.8312500e+004,  1.1925117e-005,
  3.8375000e+004,  1.0693816e-005,
  3.8437500e+004,  1.0171351e-005,
  3.8500000e+004,  1.0773739e-005,
  3.8562500e+004,  1.1575181e-005,
  3.8625000e+004,  1.2244122e-005,
  3.8687500e+004,  1.1380947e-005,
  3.8750000e+004,  1.0679349e-005,
  3.8812500e+004,  1.0759163e-005,
  3.8875000e+004,  1.0429312e-005,
  3.8937500e+004,  1.1091936e-005,
  3.9000000e+004,  1.1419531e-005,
  3.9062500e+004,  1.1481538e-005,
  3.9125000e+004,  1.1250734e-005,
  3.9187500e+004,  1.1559520e-005,
  3.9250000e+004,  1.2820883e-005,
  3.9312500e+004,  1.2360707e-005,
  3.9375000e+004,  1.0422255e-005,
  3.9437500e+004,  1.0500148e-005,
  3.9500000e+004,  1.2293952e-005,
  3.9562500e+004,  1.7327529e-005,
  3.9625000e+004,  1.8403497e-005,
  3.9687500e+004,  1.3244291e-005,
  3.9750000e+004,  1.1373246e-005,
  3.9812500e+004,  1.2335631e-005,
  3.9875000e+004,  1.6773582e-005,
  3.9937500e+004,  1.8844712e-005,
  4.0000000e+004,  1.4511599e-005,
  4.0062500e+004,  1.1622288e-005,
  4.0125000e+004,  1.1590861e-005,
  4.0187500e+004,  1.1559520e-005,
  4.0250000e+004,  1.2277319e-005,
  4.0312500e+004,  1.2194495e-005,
  4.0375000e+004,  1.2136850e-005,
  4.0437500e+004,  1.2227557e-005,
  4.0500000e+004,  1.2520706e-005,
  4.0562500e+004,  1.2022377e-005,
  4.0625000e+004,  1.0935381e-005,
  4.0687500e+004,  1.1174834e-005,
  4.0750000e+004,  1.1212720e-005,
  4.0812500e+004,  1.1319483e-005,
  4.0875000e+004,  1.1473769e-005,
  4.0937500e+004,  1.1614423e-005,
  4.1000000e+004,  1.1677488e-005,
  4.1062500e+004,  1.1925117e-005,
  4.1125000e+004,  1.1828644e-005,
  4.1187500e+004,  1.1717078e-005,
  4.1250000e+004,  1.1174834e-005,
  4.1312500e+004,  1.1411804e-005,
  4.1375000e+004,  1.1575181e-005,
  4.1437500e+004,  1.1442744e-005,
  4.1500000e+004,  1.1114483e-005,
  4.1562500e+004,  1.1122009e-005,
  4.1625000e+004,  1.1653798e-005,
  4.1687500e+004,  1.1137077e-005,
  4.1750000e+004,  1.0247368e-005,
  4.1812500e+004,  1.0212745e-005,
  4.1875000e+004,  1.0550019e-005,
  4.1937500e+004,  1.1900925e-005,
  4.2000000e+004,  1.2995633e-005,
  4.2062500e+004,  1.2030518e-005,
  4.2125000e+004,  1.1032033e-005,
  4.2187500e+004,  1.1009654e-005,
  4.2250000e+004,  1.1630157e-005,
  4.2312500e+004,  1.1780700e-005,
  4.2375000e+004,  1.1725012e-005,
  4.2437500e+004,  1.1427264e-005,
  4.2500000e+004,  1.0751883e-005,
  4.2562500e+004,  1.0979884e-005,
  4.2625000e+004,  1.1661690e-005,
  4.2687500e+004,  1.1740895e-005,
  4.2750000e+004,  1.1061944e-005,
  4.2812500e+004,  1.1099447e-005,
  4.2875000e+004,  1.1122009e-005,
  4.2937500e+004,  1.1512668e-005,
  4.3000000e+004,  1.1497093e-005,
  4.3062500e+004,  1.0628867e-005,
  4.3125000e+004,  1.1091936e-005,
  4.3187500e+004,  1.1481538e-005,
  4.3250000e+004,  1.2665618e-005,
  4.3312500e+004,  1.2402613e-005,
  4.3375000e+004,  1.1357859e-005,
  4.3437500e+004,  1.0913196e-005,
  4.3500000e+004,  1.0240434e-005,
  4.3562500e+004,  1.1009654e-005,
  4.3625000e+004,  1.1296520e-005,
  4.3687500e+004,  1.1024568e-005,
  4.3750000e+004,  1.1054459e-005,
  4.3812500e+004,  1.0810264e-005,
  4.3875000e+004,  1.1504877e-005,
  4.3937500e+004,  1.2394220e-005,
  4.4000000e+004,  1.2751642e-005,
  4.4062500e+004,  1.3783935e-005,
  4.4125000e+004,  1.2503767e-005,
  4.4187500e+004,  1.1481538e-005,
  4.4250000e+004,  1.1780700e-005,
  4.4312500e+004,  1.1334818e-005,
  4.4375000e+004,  1.1243120e-005,
  4.4437500e+004,  1.0664901e-005,
  4.4500000e+004,  1.1933192e-005,
  4.4562500e+004,  1.2310607e-005,
  4.4625000e+004,  1.1220312e-005,
  4.4687500e+004,  1.0557163e-005,
  4.4750000e+004,  1.0429312e-005,
  4.4812500e+004,  1.1046978e-005,
  4.4875000e+004,  1.1725012e-005,
  4.4937500e+004,  1.2277319e-005,
  4.5000000e+004,  1.2104033e-005,
  4.5062500e+004,  1.1917048e-005,
  4.5125000e+004,  1.2699958e-005,
  4.5187500e+004,  1.3442998e-005,
  4.5250000e+004,  1.2708558e-005,
  4.5312500e+004,  1.2087658e-005,
  4.5375000e+004,  1.1512668e-005,
  4.5437500e+004,  1.1725012e-005,
  4.5500000e+004,  1.3361351e-005,
  4.5562500e+004,  1.2622824e-005,
  4.5625000e+004,  1.2046816e-005,
  4.5687500e+004,  1.1900925e-005,
  4.5750000e+004,  1.2079478e-005,
  4.5812500e+004,  1.3048520e-005,
  4.5875000e+004,  1.3066197e-005,
  4.5937500e+004,  1.2427824e-005,
  4.6000000e+004,  1.1780700e-005,
  4.6062500e+004,  1.1645913e-005,
  4.6125000e+004,  1.3199541e-005,
  4.6187500e+004,  1.3119372e-005,
  4.6250000e+004,  1.1174834e-005,
  4.6312500e+004,  1.0672123e-005,
  4.6375000e+004,  1.0781035e-005,
  4.6437500e+004,  1.2537668e-005,
  4.6500000e+004,  1.2725774e-005,
  4.6562500e+004,  1.1876783e-005,
  4.6625000e+004,  1.1844668e-005,
  4.6687500e+004,  1.1973648e-005,
  4.6750000e+004,  1.3737362e-005,
  4.6812500e+004,  1.8180626e-005,
  4.6875000e+004,  4.0029783e-005,
  4.6937500e+004,  6.1943660e-005,
  4.7000000e+004,  4.6489152e-005,
  4.7062500e+004,  1.9192289e-005,
  4.7125000e+004,  1.4248789e-005,
  4.7187500e+004,  1.1820639e-005,
  4.7250000e+004,  1.0535746e-005,
  4.7312500e+004,  1.0994758e-005,
  4.7375000e+004,  1.3271214e-005,
  4.7437500e+004,  1.5964882e-005,
  4.7500000e+004,  1.3952909e-005,
  4.7562500e+004,  1.1709149e-005,
  4.7625000e+004,  1.1528264e-005,
  4.7687500e+004,  1.5051851e-005,
  4.7750000e+004,  1.9283445e-005,
  4.7812500e+004,  1.6525644e-005,
  4.7875000e+004,  1.1884825e-005,
  4.7937500e+004,  1.1205132e-005,
  4.8000000e+004,  1.3570998e-005,
  4.8062500e+004,  1.8341316e-005,
  4.8125000e+004,  1.6084199e-005,
  4.8187500e+004,  1.1350173e-005,
  4.8250000e+004,  1.1046978e-005,
  4.8312500e+004,  1.3663172e-005,
  4.8375000e+004,  1.9283445e-005,
  4.8437500e+004,  1.8033545e-005,
  4.8500000e+004,  1.2605746e-005,
  4.8562500e+004,  1.1780700e-005,
  4.8625000e+004,  1.5371035e-005,
  4.8687500e+004,  2.4306584e-005,
  4.8750000e+004,  2.3785744e-005,
  4.8812500e+004,  1.4171838e-005,
  4.8875000e+004,  1.0832239e-005,
  4.8937500e+004,  1.3617007e-005,
  4.9000000e+004,  2.3657287e-005,
  4.9062500e+004,  2.5850898e-005,
  4.9125000e+004,  1.6325515e-005,
  4.9187500e+004,  1.1319483e-005,
  4.9250000e+004,  1.5601651e-005,
  4.9312500e+004,  3.0328688e-005,
  4.9375000e+004,  3.5654433e-005,
  4.9437500e+004,  2.2319431e-005,
  4.9500000e+004,  1.2252413e-005,
  4.9562500e+004,  1.9322643e-005,
  4.9625000e+004,  4.8383369e-005,
  4.9687500e+004,  6.3989338e-005,
  4.9750000e+004,  4.0823338e-005,
  4.9812500e+004,  1.6259745e-002,
  4.9875000e+004,  1.9684129e-001,
  4.9937500e+004,  6.8026455e-001,
  5.0000000e+004,  9.9988318e-001,
  5.0062500e+004,  6.8072480e-001,
  5.0125000e+004,  1.9710791e-001,
  5.0187500e+004,  1.5626831e-001,
  5.0250000e+004,  6.0961271e-001,
  5.0312500e+004,  9.8978182e-001,
  5.0375000e+004,  7.4283822e-001,
  5.0437500e+004,  2.4230736e-001,
  5.0500000e+004,  2.4605166e-002,
  5.0562500e+004,  9.0433342e-005,
  5.0625000e+004,  5.9639535e-005,
  5.0687500e+004,  5.0116731e-005,
  5.0750000e+004,  2.3641279e-005,
  5.0812500e+004,  1.3971811e-005,
  5.0875000e+004,  1.9493427e-005,
  5.0937500e+004,  3.1161089e-005,
  5.1000000e+004,  2.9279722e-005,
  5.1062500e+004,  1.5964882e-005,
  5.1125000e+004,  1.1435001e-005,
  5.1187500e+004,  1.3617007e-005,
  5.1250000e+004,  2.1900391e-005,
  5.1312500e+004,  2.2049135e-005,
  5.1375000e+004,  1.3534303e-005,
  5.1437500e+004,  1.1182401e-005,
  5.1500000e+004,  1.3793268e-005,
  5.1562500e+004,  2.1085759e-005,
  5.1625000e+004,  2.1974637e-005,
  5.1687500e+004,  1.4123954e-005,
  5.1750000e+004,  1.1304169e-005,
  5.1812500e+004,  1.1820639e-005,
  5.1875000e+004,  1.7222288e-005,
  5.1937500e+004,  1.9799289e-005,
  5.2000000e+004,  1.5308734e-005,
  5.2062500e+004,  1.2014242e-005,
  5.2125000e+004,  1.2916702e-005,
  5.2187500e+004,  1.6944762e-005,
  5.2250000e+004,  1.9049916e-005,
  5.2312500e+004,  1.4709394e-005,
  5.2375000e+004,  1.1933192e-005,
  5.2437500e+004,  1.1725012e-005,
  5.2500000e+004,  1.3858780e-005,
  5.2562500e+004,  1.6864662e-005,
  5.2625000e+004,  1.4452781e-005,
  5.2687500e+004,  1.1598710e-005,
  5.2750000e+004,  1.1411804e-005,
  5.2812500e+004,  1.2343984e-005,
  5.2875000e+004,  1.3830666e-005,
  5.2937500e+004,  1.2794873e-005,
  5.3000000e+004,  1.1528264e-005,
  5.3062500e+004,  1.1575181e-005,
  5.3125000e+004,  1.1844668e-005,
  5.3187500e+004,  1.3886952e-005,
  5.3250000e+004,  1.3452101e-005,
  5.3312500e+004,  1.1949358e-005,
  5.3375000e+004,  1.1748846e-005,
  5.3437500e+004,  1.2529184e-005,
  5.3500000e+004,  1.3802609e-005,
  5.3562500e+004,  1.3022049e-005,
  5.3625000e+004,  1.2235837e-005,
  5.3687500e+004,  1.1836653e-005,
  5.3750000e+004,  1.1685395e-005,
  5.3812500e+004,  1.3110495e-005,
  5.3875000e+004,  1.3092758e-005,
  5.3937500e+004,  1.2071304e-005,
  5.4000000e+004,  1.2046816e-005,
  5.4062500e+004,  1.2588692e-005,
  5.4125000e+004,  1.4560797e-005,
  5.4187500e+004,  1.6581671e-005,
  5.4250000e+004,  1.5082448e-005,
  5.4312500e+004,  1.2520706e-005,
  5.4375000e+004,  1.2907962e-005,
  5.4437500e+004,  1.3830666e-005,
  5.4500000e+004,  1.3004432e-005,
  5.4562500e+004,  1.2022377e-005,
  5.4625000e+004,  1.2054973e-005,
  5.4687500e+004,  1.1965546e-005,
  5.4750000e+004,  1.1725012e-005,
  5.4812500e+004,  1.2087658e-005,
  5.4875000e+004,  1.1281237e-005,
  5.4937500e+004,  1.0854259e-005,
  5.5000000e+004,  1.0905812e-005,
  5.5062500e+004,  1.1693308e-005,
  5.5125000e+004,  1.2335631e-005,
  5.5187500e+004,  1.2402613e-005,
  5.5250000e+004,  1.3066197e-005,
  5.5312500e+004,  1.6436397e-005,
  5.5375000e+004,  1.7875551e-005,
  5.5437500e+004,  1.4829362e-005,
  5.5500000e+004,  1.2503767e-005,
  5.5562500e+004,  1.2194495e-005,
  5.5625000e+004,  1.1997987e-005,
  5.5687500e+004,  1.1925117e-005,
  5.5750000e+004,  1.2717163e-005,
  5.5812500e+004,  1.2302276e-005,
  5.5875000e+004,  1.2145068e-005,
  5.5937500e+004,  1.2352343e-005,
  5.6000000e+004,  1.3840031e-005,
  5.6062500e+004,  1.3298191e-005,
  5.6125000e+004,  1.1949358e-005,
  5.6187500e+004,  1.0592954e-005,
  5.6250000e+004,  1.1504877e-005,
  5.6312500e+004,  1.2071304e-005,
  5.6375000e+004,  1.2385833e-005,
  5.6437500e+004,  1.2469957e-005,
  5.6500000e+004,  1.3048520e-005,
  5.6562500e+004,  1.4047676e-005,
  5.6625000e+004,  1.3199541e-005,
  5.6687500e+004,  1.2969269e-005,
  5.6750000e+004,  1.2734391e-005,
  5.6812500e+004,  1.1780700e-005,
  5.6875000e+004,  1.1466005e-005,
  5.6937500e+004,  1.1725012e-005,
  5.7000000e+004,  1.2343984e-005,
  5.7062500e+004,  1.3146041e-005,
  5.7125000e+004,  1.2588692e-005,
  5.7187500e+004,  1.2161521e-005,
  5.7250000e+004,  1.1427264e-005,
  5.7312500e+004,  1.1981756e-005,
  5.7375000e+004,  1.2352343e-005,
  5.7437500e+004,  1.1677488e-005,
  5.7500000e+004,  1.1205132e-005,
  5.7562500e+004,  1.1137077e-005,
  5.7625000e+004,  1.1458246e-005,
  5.7687500e+004,  1.1852689e-005,
  5.7750000e+004,  1.1567347e-005,
  5.7812500e+004,  1.1174834e-005,
  5.7875000e+004,  1.1598710e-005,
  5.7937500e+004,  1.2436239e-005,
  5.8000000e+004,  1.3858780e-005,
  5.8062500e+004,  1.2890499e-005,
  5.8125000e+004,  1.1725012e-005,
  5.8187500e+004,  1.1669586e-005,
  5.8250000e+004,  1.1442744e-005,
  5.8312500e+004,  1.1137077e-005,
  5.8375000e+004,  1.1559520e-005,
  5.8437500e+004,  1.1296520e-005,
  5.8500000e+004,  1.1319483e-005,
  5.8562500e+004,  1.1693308e-005,
  5.8625000e+004,  1.2006112e-005,
  5.8687500e+004,  1.1876783e-005,
  5.8750000e+004,  1.1645913e-005,
  5.8812500e+004,  1.2227557e-005,
  5.8875000e+004,  1.2829564e-005,
  5.8937500e+004,  1.2269012e-005,
  5.9000000e+004,  1.0876323e-005,
  5.9062500e+004,  1.1144618e-005,
  5.9125000e+004,  1.1137077e-005,
  5.9187500e+004,  1.0994758e-005,
  5.9250000e+004,  1.1319483e-005,
  5.9312500e+004,  1.1481538e-005,
  5.9375000e+004,  1.1304169e-005,
  5.9437500e+004,  1.1844668e-005,
  5.9500000e+004,  1.2194495e-005,
  5.9562500e+004,  1.1780700e-005,
  5.9625000e+004,  1.2120430e-005,
  5.9687500e+004,  1.2486851e-005,
  5.9750000e+004,  1.2708558e-005,
  5.9812500e+004,  1.2725774e-005,
  5.9875000e+004,  1.2537668e-005,
  5.9937500e+004,  1.3199541e-005,
  6.0000000e+004,  1.5184888e-005,
  6.0062500e+004,  1.4879637e-005,
  6.0125000e+004,  1.2855644e-005,
  6.0187500e+004,  1.1852689e-005,
  6.0250000e+004,  1.2186243e-005,
  6.0312500e+004,  1.4085764e-005,
  6.0375000e+004,  1.8947035e-005,
  6.0437500e+004,  1.8119197e-005,
  6.0500000e+004,  1.2520706e-005,
  6.0562500e+004,  1.1442744e-005,
  6.0625000e+004,  1.4028672e-005,
  6.0687500e+004,  2.0178130e-005,
  6.0750000e+004,  2.0205465e-005,
  6.0812500e+004,  1.3981272e-005,
  6.0875000e+004,  1.2335631e-005,
  6.0937500e+004,  1.2227557e-005,
  6.1000000e+004,  1.2855644e-005,
  6.1062500e+004,  1.2951723e-005,
  6.1125000e+004,  1.1725012e-005,
  6.1187500e+004,  1.1685395e-005,
  6.1250000e+004,  1.2385833e-005,
  6.1312500e+004,  1.3004432e-005,
  6.1375000e+004,  1.2864349e-005,
  6.1437500e+004,  1.1900925e-005,
  6.1500000e+004,  1.2038664e-005,
  6.1562500e+004,  1.2079478e-005,
  6.1625000e+004,  1.1645913e-005,
  6.1687500e+004,  1.1693308e-005,
  6.1750000e+004,  1.1868745e-005,
  6.1812500e+004,  1.1481538e-005,
  6.1875000e+004,  1.1645913e-005,
  6.1937500e+004,  1.3488573e-005,
  6.2000000e+004,  1.5360634e-005,
  6.2062500e+004,  1.3598585e-005,
  6.2125000e+004,  1.2277319e-005,
  6.2187500e+004,  1.2219284e-005,
  6.2250000e+004,  1.2252413e-005,
  6.2312500e+004,  1.2529184e-005,
  6.2375000e+004,  1.2734391e-005,
  6.2437500e+004,  1.2352343e-005,
  6.2500000e+004,  1.9987813e-005,
  6.2562500e+004,  3.7182618e-005,
  6.2625000e+004,  3.6287487e-005,
  6.2687500e+004,  1.9519837e-005,
  6.2750000e+004,  1.3190610e-005,
  6.2812500e+004,  1.3681682e-005,
  6.2875000e+004,  1.3515993e-005,
  6.2937500e+004,  1.2639924e-005,
