  0.0000000e+000,  1.2873385e-002,
  2.5000000e+002,  1.9974788e-002,
  5.0000000e+002,  1.9710791e-001,
  7.5000000e+002,  6.7934380e-001,
  1.0000000e+003,  9.9853069e-001,
  1.2500000e+003,  6.6704076e-001,
  1.5000000e+003,  1.3713041e-001,
  1.7500000e+003,  6.6930208e-001,
  2.0000000e+003,  1.0012375e+000,
  2.2500000e+003,  6.8164743e-001,
  2.5000000e+003,  1.9724144e-001,
  2.7500000e+003,  1.6359108e-002,
  3.0000000e+003,  1.2685743e-004,
  3.2500000e+003,  8.8615437e-005,
  3.5000000e+003,  3.6633004e-005,
  3.7500000e+003,  5.7460004e-005,
  4.0000000e+003,  8.0222309e-005,
  4.2500000e+003,  5.4912261e-005,
  4.5000000e+003,  2.4872478e-005,
  4.7500000e+003,  6.9545089e-005,
  5.0000000e+003,  9.9153759e-005,
  5.2500000e+003,  7.0445303e-005,
  5.5000000e+003,  3.8907766e-005,
  5.7500000e+003,  5.2977159e-005,
  6.0000000e+003,  8.0168017e-005,
  6.2500000e+003,  6.9970059e-005,
  6.5000000e+003,  4.5678119e-005,
  6.7500000e+003,  5.3084854e-005,
  7.0000000e+003,  6.9404016e-005,
  7.2500000e+003,  5.2158766e-005,
  7.5000000e+003,  2.5850898e-005,
  7.7500000e+003,  2.7530572e-005,
  8.0000000e+003,  3.4796092e-005,
  8.2500000e+003,  2.8807898e-005,
  8.5000000e+003,  2.4012223e-005,
  8.7500000e+003,  3.1951383e-005,
  9.0000000e+003,  4.0056883e-005,
  9.2500000e+003,  3.0908995e-005,
  9.5000000e+003,  2.3995975e-005,
  9.7500000e+003,  4.0961732e-005,
  1.0000000e+004,  5.5210436e-005,
  1.0250000e+004,  3.9331446e-005,
  1.0500000e+004,  2.1679148e-005,
  1.0750000e+004,  3.8619138e-005,
  1.1000000e+004,  5.2477494e-005,
  1.1250000e+004,  3.9225089e-005,
  1.1500000e+004,  2.4306584e-005,
  1.1750000e+004,  2.6722701e-005,
  1.2000000e+004,  3.1055800e-005,
  1.2250000e+004,  2.5331236e-005,
  1.2500000e+004,  2.4538022e-005,
  1.2750000e+004,  3.7740479e-005,
  1.3000000e+004,  4.8219889e-005,
  1.3250000e+004,  3.4328195e-005,
  1.3500000e+004,  1.9812698e-005,
  1.3750000e+004,  2.8190604e-005,
  1.4000000e+004,  3.7333941e-005,
  1.4250000e+004,  2.8516874e-005,
  1.4500000e+004,  1.8921402e-005,
  1.4750000e+004,  1.7754960e-005,
  1.5000000e+004,  2.1257732e-005,
  1.5250000e+004,  6.0207407e-005,
  1.5500000e+004,  1.3749880e-004,
  1.5750000e+004,  1.4923469e-004,
  1.6000000e+004,  8.2256873e-005,
  1.6250000e+004,  3.1778826e-005,
  1.6500000e+004,  1.8490906e-005,
  1.6750000e+004,  2.4637885e-005,
  1.7000000e+004,  2.9598555e-005,
  1.7250000e+004,  2.3276064e-005,
  1.7500000e+004,  1.8870241e-005,
  1.7750000e+004,  1.9692363e-005,
  1.8000000e+004,  1.9759124e-005,
  1.8250000e+004,  1.9037026e-005,
  1.8500000e+004,  1.8553594e-005,
  1.8750000e+004,  1.9257357e-005,
  1.9000000e+004,  2.1128624e-005,
  1.9250000e+004,  2.0301433e-005,
  1.9500000e+004,  2.0717909e-005,
  1.9750000e+004,  2.5903446e-005,
  2.0000000e+004,  2.9880385e-005,
  2.0250000e+004,  2.5693890e-005,
  2.0500000e+004,  2.3244575e-005,
  2.0750000e+004,  3.0783718e-005,
  2.1000000e+004,  3.9278227e-005,
  2.1250000e+004,  3.2103139e-005,
  2.1500000e+004,  2.4521418e-005,
  2.1750000e+004,  2.7031986e-005,
  2.2000000e+004,  2.9799588e-005,
  2.2250000e+004,  2.2839061e-005,
  2.2500000e+004,  1.9179303e-005,
  2.2750000e+004,  2.1358698e-005,
  2.3000000e+004,  2.2334544e-005,
  2.3250000e+004,  2.1157247e-005,
  2.3500000e+004,  2.0219146e-005,
  2.3750000e+004,  2.1885569e-005,
  2.4000000e+004,  2.3834094e-005,
  2.4250000e+004,  2.1243348e-005,
  2.4500000e+004,  1.8415958e-005,
  2.4750000e+004,  2.1000297e-005,
  2.5000000e+004,  2.3947296e-005,
  2.5250000e+004,  2.1811623e-005,
  2.5500000e+004,  2.1014516e-005,
  2.5750000e+004,  2.2108918e-005,
  2.6000000e+004,  2.2228968e-005,
  2.6250000e+004,  2.3370791e-005,
  2.6500000e+004,  2.3963511e-005,
  2.6750000e+004,  2.3705378e-005,
  2.7000000e+004,  2.3354975e-005,
  2.7250000e+004,  1.9947265e-005,
  2.7500000e+004,  1.7779013e-005,
  2.7750000e+004,  1.8692258e-005,
  2.8000000e+004,  2.0205465e-005,
  2.8250000e+004,  1.9879867e-005,
  2.8500000e+004,  1.9335727e-005,
  2.8750000e+004,  2.0342700e-005,
  2.9000000e+004,  2.1620530e-005,
  2.9250000e+004,  2.1344245e-005,
  2.9500000e+004,  1.9974288e-005,
  2.9750000e+004,  2.0564219e-005,
  3.0000000e+004,  2.2379947e-005,
  3.0250000e+004,  2.1100037e-005,
  3.0500000e+004,  1.9375031e-005,
  3.0750000e+004,  2.2792729e-005,
  3.1000000e+004,  4.5864021e-005,
  3.1250000e+004,  7.1453821e-005,
  3.1500000e+004,  5.8007124e-005,
  3.1750000e+004,  2.9819766e-005,
  3.2000000e+004,  2.4838829e-005,
  3.2250000e+004,  2.1243348e-005,
  3.2500000e+004,  2.0287695e-005,
  3.2750000e+004,  2.1489215e-005,
  3.3000000e+004,  2.2638966e-005,
  3.3250000e+004,  2.0356474e-005,
  3.3500000e+004,  1.9546280e-005,
  3.3750000e+004,  2.0774081e-005,
  3.4000000e+004,  2.2963076e-005,
  3.4250000e+004,  2.1562068e-005,
  3.4500000e+004,  1.9218289e-005,
  3.4750000e+004,  1.9839538e-005,
  3.5000000e+004,  2.0901025e-005,
  3.5250000e+004,  1.9812698e-005,
  3.5500000e+004,  1.8254614e-005,
  3.5750000e+004,  1.8679609e-005,
  3.6000000e+004,  2.1329803e-005,
  3.6250000e+004,  2.0411668e-005,
  3.6500000e+004,  1.9075723e-005,
  3.6750000e+004,  2.2153860e-005,
  3.7000000e+004,  2.5885918e-005,
  3.7250000e+004,  2.2808163e-005,
  3.7500000e+004,  1.9974288e-005,
  3.7750000e+004,  2.2274154e-005,
  3.8000000e+004,  2.5296967e-005,
  3.8250000e+004,  2.2916492e-005,
  3.8500000e+004,  2.1387633e-005,
  3.8750000e+004,  2.2516702e-005,
  3.9000000e+004,  2.4077328e-005,
  3.9250000e+004,  2.1358698e-005,
  3.9500000e+004,  2.0564219e-005,
  3.9750000e+004,  2.3307597e-005,
  4.0000000e+004,  2.4788440e-005,
  4.0250000e+004,  2.1796864e-005,
  4.0500000e+004,  1.9906798e-005,
  4.0750000e+004,  2.0986086e-005,
  4.1000000e+004,  2.2684985e-005,
  4.1250000e+004,  2.0774081e-005,
  4.1500000e+004,  2.0191793e-005,
  4.1750000e+004,  2.0647907e-005,
  4.2000000e+004,  2.1915220e-005,
  4.2250000e+004,  2.3119040e-005,
  4.2500000e+004,  2.2654295e-005,
  4.2750000e+004,  2.1605900e-005,
  4.3000000e+004,  2.1767376e-005,
  4.3250000e+004,  2.0760023e-005,
  4.3500000e+004,  1.9011271e-005,
  4.3750000e+004,  1.9812698e-005,
  4.4000000e+004,  2.2034215e-005,
  4.4250000e+004,  2.1171573e-005,
  4.4500000e+004,  1.9559515e-005,
  4.4750000e+004,  1.9440718e-005,
  4.5000000e+004,  1.9348819e-005,
  4.5250000e+004,  1.9427564e-005,
  4.5500000e+004,  1.9309568e-005,
  4.5750000e+004,  2.0109953e-005,
  4.6000000e+004,  2.1708517e-005,
  4.6250000e+004,  2.2213926e-005,
  4.6500000e+004,  2.5503286e-005,
  4.6750000e+004,  3.9705941e-005,
  4.7000000e+004,  4.5155502e-005,
  4.7250000e+004,  2.8671719e-005,
  4.7500000e+004,  1.9062815e-005,
  4.7750000e+004,  2.0592077e-005,
  4.8000000e+004,  2.0717909e-005,
  4.8250000e+004,  1.9732393e-005,
  4.8500000e+004,  2.1042985e-005,
  4.8750000e+004,  2.1272127e-005,
  4.9000000e+004,  2.1228974e-005,
  4.9250000e+004,  2.0578143e-005,
  4.9500000e+004,  1.9519837e-005,
  4.9750000e+004,  2.1114324e-005,
  5.0000000e+004,  2.3465901e-005,
  5.0250000e+004,  2.2274154e-005,
  5.0500000e+004,  2.0096345e-005,
  5.0750000e+004,  1.9037026e-005,
  5.1000000e+004,  2.0273967e-005,
  5.1250000e+004,  2.0397856e-005,
  5.1500000e+004,  2.0536398e-005,
  5.1750000e+004,  2.0886882e-005,
  5.2000000e+004,  2.1518327e-005,
  5.2250000e+004,  2.0219146e-005,
  5.2500000e+004,  1.9987813e-005,
  5.2750000e+004,  2.1796864e-005,
  5.3000000e+004,  2.2963076e-005,
  5.3250000e+004,  2.1870760e-005,
  5.3500000e+004,  2.1591280e-005,
  5.3750000e+004,  2.3947296e-005,
  5.4000000e+004,  2.6488581e-005,
  5.4250000e+004,  2.4923040e-005,
  5.4500000e+004,  2.1576668e-005,
  5.4750000e+004,  2.1171573e-005,
  5.5000000e+004,  2.1214609e-005,
  5.5250000e+004,  1.9679038e-005,
  5.5500000e+004,  2.0384054e-005,
  5.5750000e+004,  2.1605900e-005,
  5.6000000e+004,  2.1460143e-005,
  5.6250000e+004,  1.9270397e-005,
  5.6500000e+004,  1.9839538e-005,
  5.6750000e+004,  2.1000297e-005,
  5.7000000e+004,  2.2900986e-005,
  5.7250000e+004,  2.1944908e-005,
  5.7500000e+004,  1.9599275e-005,
  5.7750000e+004,  1.9826113e-005,
  5.8000000e+004,  2.1591280e-005,
  5.8250000e+004,  2.1286533e-005,
  5.8500000e+004,  2.0453159e-005,
  5.8750000e+004,  2.0774081e-005,
  5.9000000e+004,  2.1272127e-005,
  5.9250000e+004,  1.9519837e-005,
  5.9500000e+004,  1.9440718e-005,
  5.9750000e+004,  2.1460143e-005,
  6.0000000e+004,  2.4906172e-005,
  6.0250000e+004,  2.4788440e-005,
  6.0500000e+004,  2.2562475e-005,
  6.0750000e+004,  2.2746492e-005,
  6.1000000e+004,  2.3931092e-005,
  6.1250000e+004,  2.2994184e-005,
  6.1500000e+004,  2.1870760e-005,
  6.1750000e+004,  2.4355993e-005,
  6.2000000e+004,  2.8613555e-005,
  6.2250000e+004,  2.7755111e-005,
  6.2500000e+004,  3.1800344e-005,
  6.2750000e+004,  3.0349225e-005,
  6.3000000e+004,  2.4191683e-005,
  6.3250000e+004,  2.2900986e-005,
  6.3500000e+004,  2.0886882e-005,
  6.3750000e+004,  2.1185908e-005,
  6.4000000e+004,  2.2019306e-005,
  6.4250000e+004,  1.9812698e-005,
  6.4500000e+004,  1.9732393e-005,
  6.4750000e+004,  2.1649819e-005,
  6.5000000e+004,  2.3228846e-005,
  6.5250000e+004,  2.2547208e-005,
  6.5500000e+004,  2.0816309e-005,
  6.5750000e+004,  2.2900986e-005,
  6.6000000e+004,  2.6114712e-005,
  6.6250000e+004,  2.4191683e-005,
  6.6500000e+004,  2.1870760e-005,
  6.6750000e+004,  2.1959768e-005,
  6.7000000e+004,  2.4093632e-005,
  6.7250000e+004,  2.2364801e-005,
  6.7500000e+004,  2.1114324e-005,
  6.7750000e+004,  2.1547477e-005,
  6.8000000e+004,  2.3213128e-005,
  6.8250000e+004,  2.1489215e-005,
  6.8500000e+004,  2.0633935e-005,
  6.8750000e+004,  2.1591280e-005,
  6.9000000e+004,  2.2198893e-005,
  6.9250000e+004,  2.1272127e-005,
  6.9500000e+004,  2.0425489e-005,
  6.9750000e+004,  2.1870760e-005,
  7.0000000e+004,  2.4273700e-005,
  7.0250000e+004,  2.2963076e-005,
  7.0500000e+004,  2.1000297e-005,
  7.0750000e+004,  2.0550304e-005,
  7.1000000e+004,  2.1387633e-005,
  7.1250000e+004,  2.1796864e-005,
  7.1500000e+004,  2.1431110e-005,
  7.1750000e+004,  2.1532897e-005,
  7.2000000e+004,  2.3009753e-005,
  7.2250000e+004,  2.2715719e-005,
  7.2500000e+004,  2.1402115e-005,
  7.2750000e+004,  2.2531948e-005,
  7.3000000e+004,  2.5486029e-005,
  7.3250000e+004,  2.3040927e-005,
  7.3500000e+004,  2.1870760e-005,
  7.3750000e+004,  2.7680061e-005,
  7.4000000e+004,  3.0390339e-005,
  7.4250000e+004,  2.4687967e-005,
  7.4500000e+004,  2.1431110e-005,
  7.4750000e+004,  2.2198893e-005,
  7.5000000e+004,  2.3641279e-005,
  7.5250000e+004,  2.2410265e-005,
  7.5500000e+004,  2.1000297e-005,
  7.5750000e+004,  2.3434155e-005,
  7.6000000e+004,  2.6309885e-005,
  7.6250000e+004,  2.3577355e-005,
  7.6500000e+004,  2.0929340e-005,
  7.6750000e+004,  2.1344245e-005,
  7.7000000e+004,  2.1900391e-005,
  7.7250000e+004,  2.1344245e-005,
  7.7500000e+004,  2.1142930e-005,
  7.7750000e+004,  2.2410265e-005,
  7.8000000e+004,  2.5348389e-005,
  7.8250000e+004,  2.6345527e-005,
  7.8500000e+004,  2.3402452e-005,
  7.8750000e+004,  2.2623647e-005,
  7.9000000e+004,  2.3705378e-005,
  7.9250000e+004,  2.3166035e-005,
  7.9500000e+004,  2.2885489e-005,
  7.9750000e+004,  2.3817966e-005,
  8.0000000e+004,  2.5041411e-005,
  8.0250000e+004,  2.3040927e-005,
  8.0500000e+004,  2.1286533e-005,
  8.0750000e+004,  2.1782115e-005,
  8.1000000e+004,  2.2994184e-005,
  8.1250000e+004,  2.1329803e-005,
  8.1500000e+004,  2.0816309e-005,
  8.1750000e+004,  2.2932010e-005,
  8.2000000e+004,  2.4422030e-005,
  8.2250000e+004,  2.2669635e-005,
  8.2500000e+004,  2.1562068e-005,
  8.2750000e+004,  2.2854526e-005,
  8.3000000e+004,  2.4405505e-005,
  8.3250000e+004,  2.3625281e-005,
  8.3500000e+004,  2.1915220e-005,
  8.3750000e+004,  2.2547208e-005,
  8.4000000e+004,  2.2501466e-005,
  8.4250000e+004,  2.1930059e-005,
  8.4500000e+004,  2.1431110e-005,
  8.4750000e+004,  2.0788147e-005,
  8.5000000e+004,  2.1547477e-005,
  8.5250000e+004,  2.2019306e-005,
  8.5500000e+004,  2.1826393e-005,
  8.5750000e+004,  2.1373160e-005,
  8.6000000e+004,  2.2700348e-005,
  8.6250000e+004,  2.1272127e-005,
  8.6500000e+004,  2.1000297e-005,
  8.6750000e+004,  2.2455819e-005,
  8.7000000e+004,  2.4355993e-005,
  8.7250000e+004,  2.2870004e-005,
  8.7500000e+004,  2.1128624e-005,
  8.7750000e+004,  2.1128624e-005,
  8.8000000e+004,  2.2395101e-005,
  8.8250000e+004,  2.0915178e-005,
  8.8500000e+004,  2.0550304e-005,
  8.8750000e+004,  2.0689881e-005,
  8.9000000e+004,  2.1402115e-005,
  8.9250000e+004,  2.1752647e-005,
  8.9500000e+004,  2.2410265e-005,
  8.9750000e+004,  2.2700348e-005,
  9.0000000e+004,  2.3737492e-005,
  9.0250000e+004,  2.2792729e-005,
  9.0500000e+004,  2.1547477e-005,
  9.0750000e+004,  2.0425489e-005,
  9.1000000e+004,  2.0260249e-005,
  9.1250000e+004,  2.1057233e-005,
  9.1500000e+004,  2.0661888e-005,
  9.1750000e+004,  2.2079008e-005,
  9.2000000e+004,  2.3721430e-005,
  9.2250000e+004,  2.1474674e-005,
  9.2500000e+004,  2.0536398e-005,
  9.2750000e+004,  2.0411668e-005,
  9.3000000e+004,  2.2034215e-005,
  9.3250000e+004,  2.2004406e-005,
  9.3500000e+004,  2.1959768e-005,
  9.3750000e+004,  2.3721430e-005,
  9.4000000e+004,  2.5279849e-005,
  9.4250000e+004,  2.3402452e-005,
  9.4500000e+004,  2.2168860e-005,
  9.4750000e+004,  2.2577752e-005,
  9.5000000e+004,  2.3434155e-005,
  9.5250000e+004,  2.2304328e-005,
  9.5500000e+004,  2.1057233e-005,
  9.5750000e+004,  2.1767376e-005,
  9.6000000e+004,  2.2531948e-005,
  9.6250000e+004,  2.1723216e-005,
  9.6500000e+004,  2.0788147e-005,
  9.6750000e+004,  2.0858625e-005,
  9.7000000e+004,  2.2638966e-005,
  9.7250000e+004,  2.2471024e-005,
  9.7500000e+004,  2.1855961e-005,
  9.7750000e+004,  2.1737925e-005,
  9.8000000e+004,  2.3625281e-005,
  9.8250000e+004,  2.2839061e-005,
  9.8500000e+004,  2.0943511e-005,
  9.8750000e+004,  2.2334544e-005,
  9.9000000e+004,  2.3931092e-005,
  9.9250000e+004,  2.2486240e-005,
  9.9500000e+004,  2.0886882e-005,
  9.9750000e+004,  2.1416606e-005,
