  4.9226563e+004,  6.0889985e-006,
  4.9230469e+004,  6.3285238e-006,
  4.9234375e+004,  6.0315679e-006,
  4.9238281e+004,  6.0315679e-006,
  4.9242188e+004,  6.0315679e-006,
  4.9246094e+004,  6.0315679e-006,
  4.9250000e+004,  6.0315679e-006,
  4.9253906e+004,  6.0315679e-006,
  4.9257813e+004,  6.0315679e-006,
  4.9261719e+004,  6.1678156e-006,
  4.9265625e+004,  6.0315679e-006,
  4.9269531e+004,  6.0315679e-006,
  4.9273438e+004,  6.0315679e-006,
  4.9277344e+004,  6.0315679e-006,
  4.9281250e+004,  6.0315679e-006,
  4.9285156e+004,  6.0315679e-006,
  4.9289063e+004,  6.0315679e-006,
  4.9292969e+004,  6.0315679e-006,
  4.9296875e+004,  6.0315679e-006,
  4.9300781e+004,  6.0315679e-006,
  4.9304688e+004,  6.0315679e-006,
  4.9308594e+004,  6.0315679e-006,
  4.9312500e+004,  6.0438287e-006,
  4.9316406e+004,  6.0315679e-006,
  4.9320313e+004,  6.0315679e-006,
  4.9324219e+004,  6.0315679e-006,
  4.9328125e+004,  6.0315679e-006,
  4.9332031e+004,  6.0315679e-006,
  4.9335938e+004,  6.0315679e-006,
  4.9339844e+004,  6.0315679e-006,
  4.9343750e+004,  6.0315679e-006,
  4.9347656e+004,  6.0315679e-006,
  4.9351563e+004,  6.0315679e-006,
  4.9355469e+004,  6.2476530e-006,
  4.9359375e+004,  6.5242602e-006,
  4.9363281e+004,  6.1678156e-006,
  4.9367188e+004,  6.1803534e-006,
  4.9371094e+004,  6.0315679e-006,
  4.9375000e+004,  6.2688341e-006,
  4.9378906e+004,  6.0315679e-006,
  4.9382813e+004,  6.0315679e-006,
  4.9386719e+004,  6.0315679e-006,
  4.9390625e+004,  7.2705491e-006,
  4.9394531e+004,  7.1003229e-006,
  4.9398438e+004,  6.0315679e-006,
  4.9402344e+004,  6.0315679e-006,
  4.9406250e+004,  6.0315679e-006,
  4.9410156e+004,  6.0315679e-006,
  4.9414063e+004,  6.5908419e-006,
  4.9417969e+004,  6.0315679e-006,
  4.9421875e+004,  6.0315679e-006,
  4.9425781e+004,  6.0315679e-006,
  4.9429688e+004,  6.0315679e-006,
  4.9433594e+004,  6.0315679e-006,
  4.9437500e+004,  6.0315679e-006,
  4.9441406e+004,  6.0315679e-006,
  4.9445313e+004,  6.4934194e-006,
  4.9449219e+004,  6.0315679e-006,
  4.9453125e+004,  6.0315679e-006,
  4.9457031e+004,  6.0315679e-006,
  4.9460938e+004,  6.3585815e-006,
  4.9464844e+004,  6.0315679e-006,
  4.9468750e+004,  6.0315679e-006,
  4.9472656e+004,  6.0315679e-006,
  4.9476563e+004,  6.0315679e-006,
  4.9480469e+004,  6.0315679e-006,
  4.9484375e+004,  6.0315679e-006,
  4.9488281e+004,  6.5463790e-006,
  4.9492188e+004,  6.3028732e-006,
  4.9496094e+004,  6.0315679e-006,
  4.9500000e+004,  6.1013760e-006,
  4.9503906e+004,  6.0315679e-006,
  4.9507813e+004,  6.3285238e-006,
  4.9511719e+004,  7.9018009e-006,
  4.9515625e+004,  7.1292189e-006,
  4.9519531e+004,  6.0315679e-006,
  4.9523438e+004,  6.0315679e-006,
  4.9527344e+004,  6.5154336e-006,
  4.9531250e+004,  7.9232250e-006,
  4.9535156e+004,  6.5242602e-006,
  4.9539063e+004,  6.0315679e-006,
  4.9542969e+004,  6.0315679e-006,
  4.9546875e+004,  7.0811241e-006,
  4.9550781e+004,  6.7397231e-006,
  4.9554688e+004,  6.0315679e-006,
  4.9558594e+004,  6.0315679e-006,
  4.9562500e+004,  6.4147821e-006,
  4.9566406e+004,  8.0639036e-006,
  4.9570313e+004,  7.0428819e-006,
  4.9574219e+004,  6.9575905e-006,
  4.9578125e+004,  6.5375225e-006,
  4.9582031e+004,  6.4147821e-006,
  4.9585938e+004,  6.4496137e-006,
  4.9589844e+004,  6.0315679e-006,
  4.9593750e+004,  6.0315679e-006,
  4.9597656e+004,  6.3844588e-006,
  4.9601563e+004,  6.4496137e-006,
  4.9605469e+004,  6.0315679e-006,
  4.9609375e+004,  6.0315679e-006,
  4.9613281e+004,  6.0315679e-006,
  4.9617188e+004,  6.0766461e-006,
  4.9621094e+004,  6.2943461e-006,
  4.9625000e+004,  6.0315679e-006,
  4.9628906e+004,  6.8362120e-006,
  4.9632813e+004,  7.5873063e-006,
  4.9636719e+004,  6.8269634e-006,
  4.9640625e+004,  6.0315679e-006,
  4.9644531e+004,  6.0315679e-006,
  4.9648438e+004,  6.0315679e-006,
  4.9652344e+004,  6.6221455e-006,
  4.9656250e+004,  6.2349787e-006,
  4.9660156e+004,  6.0315679e-006,
  4.9664063e+004,  6.0315679e-006,
  4.9667969e+004,  7.4046498e-006,
  4.9671875e+004,  7.1437109e-006,
  4.9675781e+004,  6.0315679e-006,
  4.9679688e+004,  6.0315679e-006,
  4.9683594e+004,  6.7534234e-006,
  4.9687500e+004,  7.9018009e-006,
  4.9691406e+004,  7.2410804e-006,
  4.9695313e+004,  6.1220611e-006,
  4.9699219e+004,  6.4583512e-006,
  4.9703125e+004,  7.8751026e-006,
  4.9707031e+004,  6.8686810e-006,
  4.9710938e+004,  6.1345059e-006,
  4.9714844e+004,  6.4147821e-006,
  4.9718750e+004,  7.8591266e-006,
  4.9722656e+004,  8.8594711e-006,
  4.9726563e+004,  7.0811241e-006,
  4.9730469e+004,  6.0315679e-006,
  4.9734375e+004,  6.6987888e-006,
  4.9738281e+004,  9.8661964e-006,
  4.9742188e+004,  9.1582513e-006,
  4.9746094e+004,  6.2013063e-006,
  4.9750000e+004,  6.0315679e-006,
  4.9753906e+004,  8.5762417e-006,
  4.9757813e+004,  9.4415090e-006,
  4.9761719e+004,  6.7214993e-006,
  4.9765625e+004,  6.0315679e-006,
  4.9769531e+004,  6.3844588e-006,
  4.9773438e+004,  7.9125057e-006,
  4.9777344e+004,  7.3199305e-006,
  4.9781250e+004,  6.7534234e-006,
  4.9785156e+004,  6.1469759e-006,
  4.9789063e+004,  7.9932548e-006,
  4.9792969e+004,  8.6696309e-006,
  4.9796875e+004,  6.5154336e-006,
  4.9800781e+004,  6.0315679e-006,
  4.9804688e+004,  7.4802161e-006,
  4.9808594e+004,  9.8661964e-006,
  4.9812500e+004,  8.5011043e-006,
  4.9816406e+004,  6.5242602e-006,
  4.9820313e+004,  6.4934194e-006,
  4.9824219e+004,  1.0557163e-005,
  4.9828125e+004,  1.0261250e-005,
  4.9832031e+004,  6.1803534e-006,
  4.9835938e+004,  6.0315679e-006,
  4.9839844e+004,  9.7335275e-006,
  4.9843750e+004,  1.2699958e-005,
  4.9847656e+004,  9.6809611e-006,
  4.9851563e+004,  6.2688341e-006,
  4.9855469e+004,  7.4650414e-006,
  4.9859375e+004,  1.1504877e-005,
  4.9863281e+004,  1.1144618e-005,
  4.9867188e+004,  7.8697736e-006,
  4.9871094e+004,  7.3001379e-006,
  4.9875000e+004,  1.2622824e-005,
  4.9878906e+004,  1.5654545e-005,
  4.9882813e+004,  1.0316968e-005,
  4.9886719e+004,  6.1345059e-006,
  4.9890625e+004,  9.4735178e-006,
  4.9894531e+004,  1.5360634e-005,
  4.9898438e+004,  1.3163850e-005,
  4.9902344e+004,  6.8131139e-006,
  4.9906250e+004,  7.6855177e-006,
  4.9910156e+004,  1.5506892e-005,
  4.9914063e+004,  1.8045758e-005,
  4.9917969e+004,  1.1350173e-005,
  4.9921875e+004,  7.9662473e-006,
  4.9925781e+004,  1.4316465e-005,
  4.9929688e+004,  2.2319431e-005,
  4.9933594e+004,  1.8304109e-005,
  4.9937500e+004,  8.8774803e-006,
  4.9941406e+004,  1.0268198e-005,
  4.9945313e+004,  2.1071492e-005,
  4.9949219e+004,  2.3785744e-005,
  4.9953125e+004,  1.3580188e-005,
  4.9957031e+004,  8.6286486e-006,
  4.9960938e+004,  2.2198893e-005,
  4.9964844e+004,  3.4843230e-005,
  4.9968750e+004,  2.6452746e-005,
  4.9972656e+004,  1.2934200e-005,
  4.9976563e+004,  2.6849623e-005,
  4.9980469e+004,  5.7615792e-005,
  4.9984375e+004,  6.0575318e-005,
  4.9988281e+004,  1.6270760e-002,
  4.9992188e+004,  1.9684129e-001,
  4.9996094e+004,  6.8026455e-001,
  5.0000000e+004,  9.9988318e-001,
  5.0003906e+004,  6.8026455e-001,
  5.0007813e+004,  2.1134092e-001,
  5.0011719e+004,  4.3693642e-001,
  5.0015625e+004,  9.2187592e-001,
  5.0019531e+004,  8.8638402e-001,
  5.0023438e+004,  3.8550753e-001,
  5.0027344e+004,  6.1195020e-002,
  5.0031250e+004,  1.3485752e-003,
  5.0035156e+004,  6.3902769e-005,
  5.0039063e+004,  3.8593002e-005,
  5.0042969e+004,  2.5126309e-005,
  5.0046875e+004,  2.7086934e-005,
  5.0050781e+004,  3.5558027e-005,
  5.0054688e+004,  3.0679704e-005,
  5.0058594e+004,  1.6380861e-005,
  5.0062500e+004,  1.1780700e-005,
  5.0066406e+004,  1.9772503e-005,
  5.0070313e+004,  2.3402452e-005,
  5.0074219e+004,  1.4639861e-005,
  5.0078125e+004,  6.8131139e-006,
  5.0082031e+004,  1.2978051e-005,
  5.0085938e+004,  2.1503766e-005,
  5.0089844e+004,  1.7779013e-005,
  5.0093750e+004,  8.5530522e-006,
  5.0097656e+004,  7.7220206e-006,
  5.0101563e+004,  1.4729321e-005,
  5.0105469e+004,  1.6008167e-005,
  5.0109375e+004,  9.3524579e-006,
  5.0113281e+004,  6.0766461e-006,
  5.0117188e+004,  1.0535746e-005,
  5.0121094e+004,  1.5954078e-005,
  5.0125000e+004,  1.2786216e-005,
  5.0128906e+004,  6.6761550e-006,
  5.0132813e+004,  6.9059772e-006,
  5.0136719e+004,  1.1756801e-005,
  5.0140625e+004,  1.2469957e-005,
  5.0144531e+004,  8.1406854e-006,
  5.0148438e+004,  6.4583512e-006,
  5.0152344e+004,  8.1076898e-006,
  5.0156250e+004,  9.7203593e-006,
  5.0160156e+004,  7.6595500e-006,
  5.0164063e+004,  6.0315679e-006,
  5.0167969e+004,  6.6535977e-006,
  5.0171875e+004,  9.2142146e-006,
  5.0175781e+004,  8.9923920e-006,
  5.0179688e+004,  6.3370972e-006,
  5.0183594e+004,  6.4061036e-006,
  5.0187500e+004,  8.5704385e-006,
  5.0191406e+004,  1.0564311e-005,
  5.0195313e+004,  8.9075771e-006,
  5.0199219e+004,  6.5375225e-006,
  5.0203125e+004,  6.8454732e-006,
  5.0207031e+004,  9.0595987e-006,
  5.0210938e+004,  8.9498842e-006,
  5.0214844e+004,  6.6535977e-006,
  5.0218750e+004,  6.7946917e-006,
  5.0222656e+004,  8.4666479e-006,
  5.0226563e+004,  9.4735178e-006,
  5.0230469e+004,  6.8873039e-006,
  5.0234375e+004,  6.3499790e-006,
  5.0238281e+004,  7.5106581e-006,
  5.0242188e+004,  9.0412198e-006,
  5.0246094e+004,  8.3302130e-006,
  5.0250000e+004,  6.2139121e-006,
  5.0253906e+004,  6.0315679e-006,
  5.0257813e+004,  6.9481777e-006,
  5.0261719e+004,  7.7429570e-006,
  5.0265625e+004,  6.0315679e-006,
  5.0269531e+004,  6.0315679e-006,
  5.0273438e+004,  6.1678156e-006,
  5.0277344e+004,  7.6959295e-006,
  5.0281250e+004,  7.1195739e-006,
  5.0285156e+004,  6.0438287e-006,
  5.0289063e+004,  6.0315679e-006,
  5.0292969e+004,  6.0315679e-006,
  5.0296875e+004,  6.7625724e-006,
  5.0300781e+004,  6.8547468e-006,
  5.0304688e+004,  6.3715070e-006,
  5.0308594e+004,  6.8966342e-006,
  5.0312500e+004,  7.8219759e-006,
  5.0316406e+004,  6.8966342e-006,
  5.0320313e+004,  6.0315679e-006,
  5.0324219e+004,  6.0315679e-006,
  5.0328125e+004,  6.0315679e-006,
  5.0332031e+004,  6.0315679e-006,
  5.0335938e+004,  6.0315679e-006,
  5.0339844e+004,  6.0315679e-006,
  5.0343750e+004,  6.2603530e-006,
  5.0347656e+004,  6.3931080e-006,
  5.0351563e+004,  6.0766461e-006,
  5.0355469e+004,  6.0315679e-006,
  5.0359375e+004,  6.0315679e-006,
  5.0363281e+004,  6.4934194e-006,
  5.0367188e+004,  6.2013063e-006,
  5.0371094e+004,  6.0315679e-006,
  5.0375000e+004,  6.0315679e-006,
  5.0378906e+004,  6.0315679e-006,
  5.0382813e+004,  6.7625724e-006,
  5.0386719e+004,  6.0315679e-006,
  5.0390625e+004,  6.0315679e-006,
  5.0394531e+004,  6.0315679e-006,
  5.0398438e+004,  6.0766461e-006,
  5.0402344e+004,  6.3931080e-006,
  5.0406250e+004,  6.1678156e-006,
  5.0410156e+004,  6.0315679e-006,
  5.0414063e+004,  6.3715070e-006,
  5.0417969e+004,  7.1533886e-006,
  5.0421875e+004,  6.0315679e-006,
  5.0425781e+004,  6.0315679e-006,
  5.0429688e+004,  6.0315679e-006,
  5.0433594e+004,  6.4147821e-006,
  5.0437500e+004,  6.2688341e-006,
  5.0441406e+004,  6.0315679e-006,
  5.0445313e+004,  6.0315679e-006,
  5.0449219e+004,  6.0315679e-006,
  5.0453125e+004,  6.0315679e-006,
  5.0457031e+004,  6.0315679e-006,
  5.0460938e+004,  6.4278219e-006,
  5.0464844e+004,  7.0095894e-006,
  5.0468750e+004,  6.9293902e-006,
  5.0472656e+004,  6.4714795e-006,
  5.0476563e+004,  6.0315679e-006,
  5.0480469e+004,  6.0315679e-006,
  5.0484375e+004,  6.0315679e-006,
  5.0488281e+004,  6.5375225e-006,
  5.0492188e+004,  6.0315679e-006,
  5.0496094e+004,  6.0315679e-006,
  5.0500000e+004,  6.0315679e-006,
  5.0503906e+004,  6.0315679e-006,
  5.0507813e+004,  6.0315679e-006,
  5.0511719e+004,  6.0315679e-006,
  5.0515625e+004,  6.0315679e-006,
  5.0519531e+004,  6.0315679e-006,
  5.0523438e+004,  6.0315679e-006,
  5.0527344e+004,  6.0315679e-006,
  5.0531250e+004,  6.0315679e-006,
  5.0535156e+004,  6.0315679e-006,
  5.0539063e+004,  6.0315679e-006,
  5.0542969e+004,  6.0315679e-006,
  5.0546875e+004,  6.0315679e-006,
  5.0550781e+004,  6.0315679e-006,
  5.0554688e+004,  6.4934194e-006,
  5.0558594e+004,  7.2019743e-006,
  5.0562500e+004,  6.8454732e-006,
  5.0566406e+004,  6.1594713e-006,
  5.0570313e+004,  6.0315679e-006,
  5.0574219e+004,  6.0315679e-006,
  5.0578125e+004,  6.0315679e-006,
  5.0582031e+004,  6.0315679e-006,
  5.0585938e+004,  6.1096417e-006,
  5.0589844e+004,  6.0643187e-006,
  5.0593750e+004,  6.0315679e-006,
  5.0597656e+004,  6.0315679e-006,
  5.0601563e+004,  6.0315679e-006,
  5.0605469e+004,  6.2815771e-006,
  5.0609375e+004,  6.2013063e-006,
  5.0613281e+004,  6.0315679e-006,
  5.0617188e+004,  6.0315679e-006,
  5.0621094e+004,  6.1678156e-006,
  5.0625000e+004,  6.4365298e-006,
  5.0628906e+004,  6.0315679e-006,
  5.0632813e+004,  6.0315679e-006,
  5.0636719e+004,  6.0315679e-006,
  5.0640625e+004,  6.0315679e-006,
  5.0644531e+004,  6.0315679e-006,
  5.0648438e+004,  6.0315679e-006,
  5.0652344e+004,  6.0315679e-006,
  5.0656250e+004,  6.2815771e-006,
  5.0660156e+004,  6.0315679e-006,
  5.0664063e+004,  6.0315679e-006,
  5.0667969e+004,  6.0315679e-006,
  5.0671875e+004,  6.0315679e-006,
  5.0675781e+004,  6.0315679e-006,
  5.0679688e+004,  6.3499790e-006,
  5.0683594e+004,  6.8269634e-006,
  5.0687500e+004,  6.8269634e-006,
  5.0691406e+004,  6.3585815e-006,
  5.0695313e+004,  6.0315679e-006,
  5.0699219e+004,  6.0315679e-006,
  5.0703125e+004,  6.0315679e-006,
  5.0707031e+004,  6.0315679e-006,
  5.0710938e+004,  6.0315679e-006,
  5.0714844e+004,  6.0315679e-006,
  5.0718750e+004,  6.5463790e-006,
  5.0722656e+004,  6.1678156e-006,
  5.0726563e+004,  6.0315679e-006,
  5.0730469e+004,  6.2943461e-006,
  5.0734375e+004,  6.1013760e-006,
  5.0738281e+004,  6.9293902e-006,
  5.0742188e+004,  6.5685729e-006,
  5.0746094e+004,  6.8686810e-006,
  5.0750000e+004,  6.7306050e-006,
  5.0753906e+004,  6.0315679e-006,
  5.0757813e+004,  6.2013063e-006,
  5.0761719e+004,  6.8779861e-006,
  5.0765625e+004,  6.8779861e-006,
  5.0769531e+004,  6.6445962e-006,
  5.0773438e+004,  6.0315679e-006,
  5.0777344e+004,  6.0315679e-006,
  5.0781250e+004,  6.0315679e-006,
  5.0785156e+004,  6.0315679e-006,
