  4.4250000e+004,  8.8295368e-006,
  4.4281250e+004,  9.3334851e-006,
  4.4312500e+004,  9.9332074e-006,
  4.4343750e+004,  9.6417225e-006,
  4.4375000e+004,  8.6053173e-006,
  4.4406250e+004,  8.8175913e-006,
  4.4437500e+004,  1.0143848e-005,
  4.4468750e+004,  9.7006399e-006,
  4.4500000e+004,  9.2893647e-006,
  4.4531250e+004,  8.6579018e-006,
  4.4562500e+004,  9.0351020e-006,
  4.4593750e+004,  9.6351978e-006,
  4.4625000e+004,  9.0903127e-006,
  4.4656250e+004,  8.6344914e-006,
  4.4687500e+004,  8.7818522e-006,
  4.4718750e+004,  8.8414984e-006,
  4.4750000e+004,  8.7877988e-006,
  4.4781250e+004,  8.0802956e-006,
  4.4812500e+004,  8.1517138e-006,
  4.4843750e+004,  8.2126373e-006,
  4.4875000e+004,  8.7640370e-006,
  4.4906250e+004,  8.9317281e-006,
  4.4937500e+004,  8.5878602e-006,
  4.4968750e+004,  8.8895068e-006,
  4.5000000e+004,  9.4032408e-006,
  4.5031250e+004,  9.2956549e-006,
  4.5062500e+004,  9.1026276e-006,
  4.5093750e+004,  9.2579781e-006,
  4.5125000e+004,  8.3981533e-006,
  4.5156250e+004,  8.2349039e-006,
  4.5187500e+004,  9.0045743e-006,
  4.5218750e+004,  9.0718718e-006,
  4.5250000e+004,  8.7462579e-006,
  4.5281250e+004,  9.0412198e-006,
  4.5312500e+004,  9.5249581e-006,
  4.5343750e+004,  8.7640370e-006,
  4.5375000e+004,  7.9125057e-006,
  4.5406250e+004,  8.5704385e-006,
  4.5437500e+004,  8.9741497e-006,
  4.5468750e+004,  8.7108079e-006,
  4.5500000e+004,  9.0657332e-006,
  4.5531250e+004,  9.0903127e-006,
  4.5562500e+004,  8.9863072e-006,
  4.5593750e+004,  9.7599179e-006,
  4.5625000e+004,  9.7006399e-006,
  4.5656250e+004,  9.3208579e-006,
  4.5687500e+004,  8.7640370e-006,
  4.5718750e+004,  8.5762417e-006,
  4.5750000e+004,  8.6344914e-006,
  4.5781250e+004,  9.1273075e-006,
  4.5812500e+004,  8.1793501e-006,
  4.5843750e+004,  8.6696309e-006,
  4.5875000e+004,  9.0964682e-006,
  4.5906250e+004,  8.8116248e-006,
  4.5937500e+004,  9.2142146e-006,
  4.5968750e+004,  8.6990231e-006,
  4.6000000e+004,  8.1406854e-006,
  4.6031250e+004,  8.1793501e-006,
  4.6062500e+004,  9.0412198e-006,
  4.6093750e+004,  9.6351978e-006,
  4.6125000e+004,  8.4152248e-006,
  4.6156250e+004,  7.8751026e-006,
  4.6187500e+004,  8.0967210e-006,
  4.6218750e+004,  9.0045743e-006,
  4.6250000e+004,  9.7269412e-006,
  4.6281250e+004,  9.2079797e-006,
  4.6312500e+004,  8.7167061e-006,
  4.6343750e+004,  9.1211311e-006,
  4.6375000e+004,  9.0045743e-006,
  4.6406250e+004,  8.8594711e-006,
  4.6437500e+004,  8.9075771e-006,
  4.6468750e+004,  8.4266251e-006,
  4.6500000e+004,  8.3245761e-006,
  4.6531250e+004,  9.4351201e-006,
  4.6562500e+004,  8.8355157e-006,
  4.6593750e+004,  8.5646390e-006,
  4.6625000e+004,  8.9075771e-006,
  4.6656250e+004,  8.6286486e-006,
  4.6687500e+004,  9.0903127e-006,
  4.6718750e+004,  9.2579781e-006,
  4.6750000e+004,  9.3461294e-006,
  4.6781250e+004,  9.0718718e-006,
  4.6812500e+004,  8.8654700e-006,
  4.6843750e+004,  9.4799328e-006,
  4.6875000e+004,  1.1137077e-005,
  4.6906250e+004,  2.5007534e-005,
  4.6937500e+004,  4.0111148e-005,
  4.6968750e+004,  3.2984241e-005,
  4.7000000e+004,  1.5102881e-005,
  4.7031250e+004,  9.5185129e-006,
  4.7062500e+004,  8.8414984e-006,
  4.7093750e+004,  8.9015497e-006,
  4.7125000e+004,  1.0275151e-005,
  4.7156250e+004,  1.0212745e-005,
  4.7187500e+004,  8.6990231e-006,
  4.7218750e+004,  8.0912422e-006,
  4.7250000e+004,  8.8056623e-006,
  4.7281250e+004,  9.8328606e-006,
  4.7312500e+004,  9.6156517e-006,
  4.7343750e+004,  8.6286486e-006,
  4.7375000e+004,  8.8355157e-006,
  4.7406250e+004,  9.4096082e-006,
  4.7437500e+004,  1.0344940e-005,
  4.7468750e+004,  1.0268198e-005,
  4.7500000e+004,  9.1149592e-006,
  4.7531250e+004,  9.3271695e-006,
  4.7562500e+004,  1.0041373e-005,
  4.7593750e+004,  1.0679349e-005,
  4.7625000e+004,  9.6156517e-006,
  4.7656250e+004,  9.1026276e-006,
  4.7687500e+004,  9.0841617e-006,
  4.7718750e+004,  9.9803856e-006,
  4.7750000e+004,  1.0854259e-005,
  4.7781250e+004,  1.0261250e-005,
  4.7812500e+004,  8.8774803e-006,
  4.7843750e+004,  8.9863072e-006,
  4.7875000e+004,  1.0493043e-005,
  4.7906250e+004,  1.0994758e-005,
  4.7937500e+004,  9.0167730e-006,
  4.7968750e+004,  8.5530522e-006,
  4.8000000e+004,  1.0247368e-005,
  4.8031250e+004,  1.2145068e-005,
  4.8062500e+004,  1.0957609e-005,
  4.8093750e+004,  8.5704385e-006,
  4.8125000e+004,  8.7640370e-006,
  4.8156250e+004,  1.0075416e-005,
  4.8187500e+004,  1.2369076e-005,
  4.8218750e+004,  1.1606564e-005,
  4.8250000e+004,  9.8795621e-006,
  4.8281250e+004,  9.3271695e-006,
  4.8312500e+004,  1.0636064e-005,
  4.8343750e+004,  1.2202752e-005,
  4.8375000e+004,  1.0817585e-005,
  4.8406250e+004,  8.5299251e-006,
  4.8437500e+004,  8.5530522e-006,
  4.8468750e+004,  1.0781035e-005,
  4.8500000e+004,  1.2682776e-005,
  4.8531250e+004,  1.0795640e-005,
  4.8562500e+004,  9.2142146e-006,
  4.8593750e+004,  9.7599179e-006,
  4.8625000e+004,  1.2369076e-005,
  4.8656250e+004,  1.3004432e-005,
  4.8687500e+004,  9.3714692e-006,
  4.8718750e+004,  8.0366574e-006,
  4.8750000e+004,  9.4863518e-006,
  4.8781250e+004,  1.2352343e-005,
  4.8812500e+004,  1.2087658e-005,
  4.8843750e+004,  9.4287357e-006,
  4.8875000e+004,  8.8295368e-006,
  4.8906250e+004,  1.1281237e-005,
  4.8937500e+004,  1.6391953e-005,
  4.8968750e+004,  1.4909884e-005,
  4.9000000e+004,  9.7269412e-006,
  4.9031250e+004,  9.2266973e-006,
  4.9062500e+004,  1.3488573e-005,
  4.9093750e+004,  1.8205256e-005,
  4.9125000e+004,  1.4433228e-005,
  4.9156250e+004,  8.9498842e-006,
  4.9187500e+004,  7.9125057e-006,
  4.9218750e+004,  1.4689494e-005,
  4.9250000e+004,  2.0069155e-005,
  4.9281250e+004,  1.4384462e-005,
  4.9312500e+004,  8.9741497e-006,
  4.9343750e+004,  1.1828644e-005,
  4.9375000e+004,  2.1200254e-005,
  4.9406250e+004,  2.4355993e-005,
  4.9437500e+004,  1.5143828e-005,
  4.9468750e+004,  8.8295368e-006,
  4.9500000e+004,  1.1973648e-005,
  4.9531250e+004,  2.2577752e-005,
  4.9562500e+004,  2.3721430e-005,
  4.9593750e+004,  1.3896355e-005,
  4.9625000e+004,  9.8595203e-006,
  4.9656250e+004,  1.9244326e-005,
  4.9687500e+004,  3.4421267e-005,
  4.9718750e+004,  3.1351502e-005,
  4.9750000e+004,  1.5143828e-005,
  4.9781250e+004,  1.2219284e-005,
  4.9812500e+004,  3.7359220e-005,
  4.9843750e+004,  6.3086161e-005,
  4.9875000e+004,  5.1422572e-005,
  4.9906250e+004,  1.6270760e-002,
  4.9937500e+004,  1.9684129e-001,
  4.9968750e+004,  6.8026455e-001,
  5.0000000e+004,  9.9988318e-001,
  5.0031250e+004,  6.8072480e-001,
  5.0062500e+004,  1.9925442e-001,
  5.0093750e+004,  2.6747729e-001,
  5.0125000e+004,  7.7310576e-001,
  5.0156250e+004,  9.8243936e-001,
  5.0187500e+004,  5.7591707e-001,
  5.0218750e+004,  1.3806176e-001,
  5.0250000e+004,  8.0097015e-003,
  5.0281250e+004,  5.2406487e-005,
  5.0312500e+004,  5.7421117e-005,
  5.0343750e+004,  3.1628607e-005,
  5.0375000e+004,  1.5878662e-005,
  5.0406250e+004,  2.0042005e-005,
  5.0437500e+004,  3.1628607e-005,
  5.0468750e+004,  2.9839961e-005,
  5.0500000e+004,  1.5867918e-005,
  5.0531250e+004,  9.8195580e-006,
  5.0562500e+004,  1.5570001e-005,
  5.0593750e+004,  2.3995975e-005,
  5.0625000e+004,  2.0647907e-005,
  5.0656250e+004,  1.1227910e-005,
  5.0687500e+004,  9.2391967e-006,
  5.0718750e+004,  1.5308734e-005,
  5.0750000e+004,  2.1532897e-005,
  5.0781250e+004,  1.6716909e-005,
  5.0812500e+004,  9.7930064e-006,
  5.0843750e+004,  1.0268198e-005,
  5.0875000e+004,  1.5402282e-005,
  5.0906250e+004,  1.8566159e-005,
  5.0937500e+004,  1.3433902e-005,
  5.0968750e+004,  9.1768679e-006,
  5.1000000e+004,  9.4287357e-006,
  5.1031250e+004,  1.4899795e-005,
  5.1062500e+004,  1.6830450e-005,
  5.1093750e+004,  1.1965546e-005,
  5.1125000e+004,  9.3905195e-006,
  5.1156250e+004,  1.0068598e-005,
  5.1187500e+004,  1.4729321e-005,
  5.1218750e+004,  1.4769256e-005,
  5.1250000e+004,  1.0034578e-005,
  5.1281250e+004,  9.0903127e-006,
  5.1312500e+004,  1.0000674e-005,
  5.1343750e+004,  1.2427824e-005,
  5.1375000e+004,  1.1997987e-005,
  5.1406250e+004,  9.6940759e-006,
  5.1437500e+004,  8.8834916e-006,
  5.1468750e+004,  1.0143848e-005,
  5.1500000e+004,  1.1804648e-005,
  5.1531250e+004,  1.0351945e-005,
  5.1562500e+004,  8.4838586e-006,
  5.1593750e+004,  8.7877988e-006,
  5.1625000e+004,  1.0075416e-005,
  5.1656250e+004,  1.1481538e-005,
  5.1687500e+004,  9.9736322e-006,
  5.1718750e+004,  9.1026276e-006,
  5.1750000e+004,  8.9015497e-006,
  5.1781250e+004,  1.0061784e-005,
  5.1812500e+004,  1.0521492e-005,
  5.1843750e+004,  8.7344251e-006,
  5.1875000e+004,  8.3811165e-006,
  5.1906250e+004,  8.9559444e-006,
  5.1937500e+004,  1.0185130e-005,
  5.1968750e+004,  1.0116419e-005,
  5.2000000e+004,  8.9559444e-006,
  5.2031250e+004,  8.3302130e-006,
  5.2062500e+004,  9.0903127e-006,
  5.2093750e+004,  1.1311824e-005,
  5.2125000e+004,  1.1009654e-005,
  5.2156250e+004,  8.9377760e-006,
  5.2187500e+004,  9.0351020e-006,
  5.2218750e+004,  9.4479021e-006,
  5.2250000e+004,  9.9063485e-006,
  5.2281250e+004,  9.4735178e-006,
  5.2312500e+004,  9.2517133e-006,
  5.2343750e+004,  9.2893647e-006,
  5.2375000e+004,  9.3524579e-006,
  5.2406250e+004,  1.0275151e-005,
  5.2437500e+004,  9.4607014e-006,
  5.2468750e+004,  8.5299251e-006,
  5.2500000e+004,  8.7167061e-006,
  5.2531250e+004,  9.0045743e-006,
  5.2562500e+004,  9.4735178e-006,
  5.2593750e+004,  9.1026276e-006,
  5.2625000e+004,  8.6813759e-006,
  5.2656250e+004,  8.7403396e-006,
  5.2687500e+004,  9.8461812e-006,
  5.2718750e+004,  1.0178238e-005,
  5.2750000e+004,  9.4287357e-006,
  5.2781250e+004,  8.5936752e-006,
  5.2812500e+004,  8.9863072e-006,
  5.2843750e+004,  9.7996374e-006,
  5.2875000e+004,  9.2642469e-006,
  5.2906250e+004,  9.3651279e-006,
  5.2937500e+004,  9.6286781e-006,
  5.2968750e+004,  9.7401182e-006,
  5.3000000e+004,  1.0007445e-005,
  5.3031250e+004,  9.1458611e-006,
  5.3062500e+004,  8.2126373e-006,
  5.3093750e+004,  8.0040835e-006,
  5.3125000e+004,  9.0841617e-006,
  5.3156250e+004,  1.0212745e-005,
  5.3187500e+004,  9.9197691e-006,
  5.3218750e+004,  8.6344914e-006,
  5.3250000e+004,  8.3811165e-006,
  5.3281250e+004,  8.7344251e-006,
  5.3312500e+004,  9.1334878e-006,
  5.3343750e+004,  8.3754453e-006,
  5.3375000e+004,  8.5472644e-006,
  5.3406250e+004,  8.2126373e-006,
  5.3437500e+004,  9.8461812e-006,
  5.3468750e+004,  1.0157590e-005,
  5.3500000e+004,  9.1273075e-006,
  5.3531250e+004,  9.1582513e-006,
  5.3562500e+004,  9.5701977e-006,
  5.3593750e+004,  9.7599179e-006,
  5.3625000e+004,  9.4415090e-006,
  5.3656250e+004,  9.0167730e-006,
  5.3687500e+004,  9.4287357e-006,
  5.3718750e+004,  9.3587909e-006,
  5.3750000e+004,  9.0964682e-006,
  5.3781250e+004,  8.9015497e-006,
  5.3812500e+004,  8.3811165e-006,
  5.3843750e+004,  8.7818522e-006,
  5.3875000e+004,  9.3524579e-006,
  5.3906250e+004,  1.0021002e-005,
  5.3937500e+004,  9.7335275e-006,
  5.3968750e+004,  9.8929465e-006,
  5.4000000e+004,  1.0408155e-005,
  5.4031250e+004,  9.9063485e-006,
  5.4062500e+004,  9.7203593e-006,
  5.4093750e+004,  1.0068598e-005,
  5.4125000e+004,  9.2767974e-006,
  5.4156250e+004,  9.3524579e-006,
  5.4187500e+004,  1.1933192e-005,
  5.4218750e+004,  1.4869568e-005,
  5.4250000e+004,  1.3163850e-005,
  5.4281250e+004,  1.0034578e-005,
  5.4312500e+004,  8.8654700e-006,
  5.4343750e+004,  9.2266973e-006,
  5.4375000e+004,  9.7863798e-006,
  5.4406250e+004,  9.7863798e-006,
  5.4437500e+004,  9.7797578e-006,
  5.4468750e+004,  9.7006399e-006,
  5.4500000e+004,  9.5831625e-006,
  5.4531250e+004,  9.2517133e-006,
  5.4562500e+004,  8.9377760e-006,
  5.4593750e+004,  8.8654700e-006,
  5.4625000e+004,  8.9498842e-006,
  5.4656250e+004,  8.8895068e-006,
  5.4687500e+004,  9.0473421e-006,
  5.4718750e+004,  8.9923920e-006,
  5.4750000e+004,  8.9620089e-006,
  5.4781250e+004,  9.0167730e-006,
  5.4812500e+004,  9.4096082e-006,
  5.4843750e+004,  9.2893647e-006,
  5.4875000e+004,  9.0167730e-006,
  5.4906250e+004,  9.1273075e-006,
  5.4937500e+004,  9.5056354e-006,
  5.4968750e+004,  9.2642469e-006,
  5.5000000e+004,  8.9377760e-006,
  5.5031250e+004,  9.3968780e-006,
  5.5062500e+004,  9.5572500e-006,
  5.5093750e+004,  9.3334851e-006,
  5.5125000e+004,  9.0106717e-006,
  5.5156250e+004,  8.9317281e-006,
  5.5187500e+004,  8.8355157e-006,
  5.5218750e+004,  9.3968780e-006,
  5.5250000e+004,  9.5314079e-006,
  5.5281250e+004,  9.4223554e-006,
  5.5312500e+004,  9.0964682e-006,
  5.5343750e+004,  9.3714692e-006,
  5.5375000e+004,  9.8461812e-006,
  5.5406250e+004,  9.9399334e-006,
  5.5437500e+004,  9.3968780e-006,
  5.5468750e+004,  9.1458611e-006,
  5.5500000e+004,  9.1211311e-006,
  5.5531250e+004,  9.5637214e-006,
  5.5562500e+004,  9.8328606e-006,
  5.5593750e+004,  8.7640370e-006,
  5.5625000e+004,  8.7581067e-006,
  5.5656250e+004,  1.0722810e-005,
  5.5687500e+004,  1.4482161e-005,
  5.5718750e+004,  1.3119372e-005,
  5.5750000e+004,  9.6286781e-006,
  5.5781250e+004,  9.0045743e-006,
  5.5812500e+004,  9.1026276e-006,
  5.5843750e+004,  9.3968780e-006,
  5.5875000e+004,  8.8834916e-006,
  5.5906250e+004,  8.2126373e-006,
  5.5937500e+004,  8.3471464e-006,
  5.5968750e+004,  1.0143848e-005,
  5.6000000e+004,  1.1949358e-005,
  5.6031250e+004,  1.0507258e-005,
  5.6062500e+004,  9.7533137e-006,
  5.6093750e+004,  1.0337940e-005,
  5.6125000e+004,  9.7996374e-006,
  5.6156250e+004,  9.0595987e-006,
  5.6187500e+004,  9.3968780e-006,
  5.6218750e+004,  9.7335275e-006,
  5.6250000e+004,  9.6351978e-006,
  5.6281250e+004,  9.4799328e-006,
  5.6312500e+004,  9.2893647e-006,
  5.6343750e+004,  9.5314079e-006,
  5.6375000e+004,  1.1017108e-005,
  5.6406250e+004,  1.1852689e-005,
  5.6437500e+004,  1.0247368e-005,
  5.6468750e+004,  9.3905195e-006,
  5.6500000e+004,  9.7533137e-006,
  5.6531250e+004,  9.1768679e-006,
  5.6562500e+004,  9.0657332e-006,
  5.6593750e+004,  9.1273075e-006,
  5.6625000e+004,  9.3461294e-006,
  5.6656250e+004,  8.8834916e-006,
  5.6687500e+004,  9.3208579e-006,
  5.6718750e+004,  9.6547842e-006,
