  4.7375000e+004,  7.2508899e-006,
  4.7390625e+004,  6.8131139e-006,
  4.7406250e+004,  6.3370972e-006,
  4.7421875e+004,  6.4934194e-006,
  4.7437500e+004,  6.5375225e-006,
  4.7453125e+004,  6.7534234e-006,
  4.7468750e+004,  7.0095894e-006,
  4.7484375e+004,  7.1922308e-006,
  4.7500000e+004,  7.5361210e-006,
  4.7515625e+004,  7.4247258e-006,
  4.7531250e+004,  6.8873039e-006,
  4.7546875e+004,  6.8779861e-006,
  4.7562500e+004,  7.3596770e-006,
  4.7578125e+004,  8.2740161e-006,
  4.7593750e+004,  8.2908352e-006,
  4.7609375e+004,  7.3946322e-006,
  4.7625000e+004,  6.7397231e-006,
  4.7640625e+004,  6.9717336e-006,
  4.7656250e+004,  7.3100274e-006,
  4.7671875e+004,  7.4247258e-006,
  4.7687500e+004,  6.6897261e-006,
  4.7703125e+004,  6.4802466e-006,
  4.7718750e+004,  7.3746375e-006,
  4.7734375e+004,  7.6751201e-006,
  4.7750000e+004,  7.2607129e-006,
  4.7765625e+004,  7.2117310e-006,
  4.7781250e+004,  7.5208330e-006,
  4.7796875e+004,  8.3754453e-006,
  4.7812500e+004,  8.4494721e-006,
  4.7828125e+004,  7.4247258e-006,
  4.7843750e+004,  6.8131139e-006,
  4.7859375e+004,  6.7809076e-006,
  4.7875000e+004,  7.3946322e-006,
  4.7890625e+004,  7.4549421e-006,
  4.7906250e+004,  7.1195739e-006,
  4.7921875e+004,  7.0428819e-006,
  4.7937500e+004,  7.0715441e-006,
  4.7953125e+004,  7.0524230e-006,
  4.7968750e+004,  7.7692075e-006,
  4.7984375e+004,  7.2705491e-006,
  4.8000000e+004,  7.1437109e-006,
  4.8015625e+004,  7.0907170e-006,
  4.8031250e+004,  8.0366574e-006,
  4.8046875e+004,  7.9500866e-006,
  4.8062500e+004,  7.3397769e-006,
  4.8078125e+004,  6.9717336e-006,
  4.8093750e+004,  7.2902615e-006,
  4.8109375e+004,  8.3302130e-006,
  4.8125000e+004,  7.8061079e-006,
  4.8140625e+004,  6.5908419e-006,
  4.8156250e+004,  6.1678156e-006,
  4.8171875e+004,  6.9906359e-006,
  4.8187500e+004,  7.6388391e-006,
  4.8203125e+004,  7.5667906e-006,
  4.8218750e+004,  6.9811784e-006,
  4.8234375e+004,  6.8966342e-006,
  4.8250000e+004,  7.0190855e-006,
  4.8265625e+004,  7.6388391e-006,
  4.8281250e+004,  7.1292189e-006,
  4.8296875e+004,  6.5908419e-006,
  4.8312500e+004,  6.9575905e-006,
  4.8328125e+004,  7.4247258e-006,
  4.8343750e+004,  8.1076898e-006,
  4.8359375e+004,  7.5208330e-006,
  4.8375000e+004,  6.8269634e-006,
  4.8390625e+004,  7.1292189e-006,
  4.8406250e+004,  7.8325725e-006,
  4.8421875e+004,  7.9932548e-006,
  4.8437500e+004,  7.2215009e-006,
  4.8453125e+004,  6.6356068e-006,
  4.8468750e+004,  6.7809076e-006,
  4.8484375e+004,  8.1351769e-006,
  4.8500000e+004,  8.5126209e-006,
  4.8515625e+004,  7.0285944e-006,
  4.8531250e+004,  6.4278219e-006,
  4.8546875e+004,  7.2117310e-006,
  4.8562500e+004,  8.3584545e-006,
  4.8578125e+004,  8.1682843e-006,
  4.8593750e+004,  6.9387775e-006,
  4.8609375e+004,  6.1469759e-006,
  4.8625000e+004,  6.9200155e-006,
  4.8640625e+004,  8.6403380e-006,
  4.8656250e+004,  7.9232250e-006,
  4.8671875e+004,  6.6535977e-006,
  4.8687500e+004,  6.4496137e-006,
  4.8703125e+004,  7.4700962e-006,
  4.8718750e+004,  8.3641142e-006,
  4.8734375e+004,  7.4802161e-006,
  4.8750000e+004,  7.4247258e-006,
  4.8765625e+004,  7.4802161e-006,
  4.8781250e+004,  7.9285899e-006,
  4.8796875e+004,  8.8594711e-006,
  4.8812500e+004,  7.6388391e-006,
  4.8828125e+004,  6.9200155e-006,
  4.8843750e+004,  7.6959295e-006,
  4.8859375e+004,  9.2893647e-006,
  4.8875000e+004,  9.6547842e-006,
  4.8890625e+004,  8.1406854e-006,
  4.8906250e+004,  7.0001063e-006,
  4.8921875e+004,  7.3001379e-006,
  4.8937500e+004,  9.0351020e-006,
  4.8953125e+004,  9.1582513e-006,
  4.8968750e+004,  7.7586966e-006,
  4.8984375e+004,  7.2312839e-006,
  4.9000000e+004,  7.5310215e-006,
  4.9015625e+004,  9.4032408e-006,
  4.9031250e+004,  9.1520540e-006,
  4.9046875e+004,  7.9285899e-006,
  4.9062500e+004,  7.6491874e-006,
  4.9078125e+004,  8.6696309e-006,
  4.9093750e+004,  9.7203593e-006,
  4.9109375e+004,  8.6755013e-006,
  4.9125000e+004,  7.6130291e-006,
  4.9140625e+004,  7.5667906e-006,
  4.9156250e+004,  9.0595987e-006,
  4.9171875e+004,  1.0358955e-005,
  4.9187500e+004,  8.5936752e-006,
  4.9203125e+004,  7.0524230e-006,
  4.9218750e+004,  7.8325725e-006,
  4.9234375e+004,  1.0528617e-005,
  4.9250000e+004,  1.1645913e-005,
  4.9265625e+004,  8.7108079e-006,
  4.9281250e+004,  7.0095894e-006,
  4.9296875e+004,  7.9554698e-006,
  4.9312500e+004,  1.0643266e-005,
  4.9328125e+004,  1.1137077e-005,
  4.9343750e+004,  8.4838586e-006,
  4.9359375e+004,  7.1533886e-006,
  4.9375000e+004,  8.8056623e-006,
  4.9390625e+004,  1.3298191e-005,
  4.9406250e+004,  1.2537668e-005,
  4.9421875e+004,  8.1186733e-006,
  4.9437500e+004,  7.1099418e-006,
  4.9453125e+004,  1.0578623e-005,
  4.9468750e+004,  1.5329473e-005,
  4.9484375e+004,  1.2794873e-005,
  4.9500000e+004,  7.7586966e-006,
  4.9515625e+004,  7.0428819e-006,
  4.9531250e+004,  1.2725774e-005,
  4.9546875e+004,  1.7779013e-005,
  4.9562500e+004,  1.3635454e-005,
  4.9578125e+004,  7.7850005e-006,
  4.9593750e+004,  8.3584545e-006,
  4.9609375e+004,  1.4689494e-005,
  4.9625000e+004,  1.8156028e-005,
  4.9640625e+004,  1.2554653e-005,
  4.9656250e+004,  8.0967210e-006,
  4.9671875e+004,  1.0247368e-005,
  4.9687500e+004,  2.0689881e-005,
  4.9703125e+004,  2.3673305e-005,
  4.9718750e+004,  1.4095301e-005,
  4.9734375e+004,  7.7850005e-006,
  4.9750000e+004,  1.2691364e-005,
  4.9765625e+004,  2.3769649e-005,
  4.9781250e+004,  2.4208064e-005,
  4.9796875e+004,  1.3110495e-005,
  4.9812500e+004,  8.9741497e-006,
  4.9828125e+004,  1.8603899e-005,
  4.9843750e+004,  3.3479112e-005,
  4.9859375e+004,  3.0001986e-005,
  4.9875000e+004,  1.4019179e-005,
  4.9890625e+004,  1.2657047e-005,
  4.9906250e+004,  3.7333941e-005,
  4.9921875e+004,  6.2280003e-005,
  4.9937500e+004,  4.9275772e-005,
  4.9953125e+004,  1.6270760e-002,
  4.9968750e+004,  1.9684129e-001,
  4.9984375e+004,  6.8026455e-001,
  5.0000000e+004,  9.9988318e-001,
  5.0015625e+004,  6.8026455e-001,
  5.0031250e+004,  1.9898472e-001,
  5.0046875e+004,  2.6245543e-001,
  5.0062500e+004,  7.6737066e-001,
  5.0078125e+004,  9.8377092e-001,
  5.0093750e+004,  5.8258271e-001,
  5.0109375e+004,  1.4137180e-001,
  5.0125000e+004,  8.4097399e-003,
  5.0140625e+004,  5.1982530e-005,
  5.0156250e+004,  5.7654811e-005,
  5.0171875e+004,  3.2233786e-005,
  5.0187500e+004,  1.5288022e-005,
  5.0203125e+004,  1.8528493e-005,
  5.0218750e+004,  3.0867179e-005,
  5.0234375e+004,  2.9860166e-005,
  5.0250000e+004,  1.5298376e-005,
  5.0265625e+004,  8.2628222e-006,
  5.0281250e+004,  1.4085764e-005,
  5.0296875e+004,  2.3450023e-005,
  5.0312500e+004,  2.0273967e-005,
  5.0328125e+004,  1.0027788e-005,
  5.0343750e+004,  8.0366574e-006,
  5.0359375e+004,  1.4739295e-005,
  5.0375000e+004,  2.1723216e-005,
  5.0390625e+004,  1.6548033e-005,
  5.0406250e+004,  8.2015264e-006,
  5.0421875e+004,  7.6855177e-006,
  5.0437500e+004,  1.2734391e-005,
  5.0453125e+004,  1.6436397e-005,
  5.0468750e+004,  1.1933192e-005,
  5.0484375e+004,  7.0619771e-006,
  5.0500000e+004,  8.4266251e-006,
  5.0515625e+004,  1.2890499e-005,
  5.0531250e+004,  1.5298376e-005,
  5.0546875e+004,  1.0387040e-005,
  5.0562500e+004,  7.1630794e-006,
  5.0578125e+004,  8.0257847e-006,
  5.0593750e+004,  1.2377452e-005,
  5.0609375e+004,  1.3442998e-005,
  5.0625000e+004,  9.1273075e-006,
  5.0640625e+004,  7.2803987e-006,
  5.0656250e+004,  8.2740161e-006,
  5.0671875e+004,  1.1645913e-005,
  5.0687500e+004,  1.1054459e-005,
  5.0703125e+004,  8.3924706e-006,
  5.0718750e+004,  7.4549421e-006,
  5.0734375e+004,  8.5357009e-006,
  5.0750000e+004,  1.0913196e-005,
  5.0765625e+004,  1.0054976e-005,
  5.0781250e+004,  6.8779861e-006,
  5.0796875e+004,  6.7214993e-006,
  5.0812500e+004,  8.1848885e-006,
  5.0828125e+004,  9.7006399e-006,
  5.0843750e+004,  8.2572311e-006,
  5.0859375e+004,  7.0095894e-006,
  5.0875000e+004,  7.0811241e-006,
  5.0890625e+004,  8.7640370e-006,
  5.0906250e+004,  1.0123269e-005,
  5.0921875e+004,  8.0967210e-006,
  5.0937500e+004,  6.6671229e-006,
  5.0953125e+004,  7.0524230e-006,
  5.0968750e+004,  9.0106717e-006,
  5.0984375e+004,  9.8062730e-006,
  5.1000000e+004,  8.0203539e-006,
  5.1015625e+004,  7.0285944e-006,
  5.1031250e+004,  7.7534466e-006,
  5.1046875e+004,  9.3651279e-006,
  5.1062500e+004,  9.2830789e-006,
  5.1078125e+004,  7.6751201e-006,
  5.1093750e+004,  7.1533886e-006,
  5.1109375e+004,  7.0428819e-006,
  5.1125000e+004,  8.7818522e-006,
  5.1140625e+004,  9.0718718e-006,
  5.1156250e+004,  7.8964541e-006,
  5.1171875e+004,  7.8431833e-006,
  5.1187500e+004,  8.5646390e-006,
  5.1203125e+004,  9.1644525e-006,
  5.1218750e+004,  8.5011043e-006,
  5.1234375e+004,  7.6491874e-006,
  5.1250000e+004,  7.2312839e-006,
  5.1265625e+004,  7.2705491e-006,
  5.1281250e+004,  8.0639036e-006,
  5.1296875e+004,  7.1922308e-006,
  5.1312500e+004,  6.8547468e-006,
  5.1328125e+004,  7.1825006e-006,
  5.1343750e+004,  7.5361210e-006,
  5.1359375e+004,  7.9662473e-006,
  5.1375000e+004,  7.8964541e-006,
  5.1390625e+004,  7.3946322e-006,
  5.1406250e+004,  7.2019743e-006,
  5.1421875e+004,  8.2796186e-006,
  5.1437500e+004,  8.3302130e-006,
  5.1453125e+004,  7.1727835e-006,
  5.1468750e+004,  6.5819253e-006,
  5.1484375e+004,  6.7306050e-006,
  5.1500000e+004,  7.0715441e-006,
  5.1515625e+004,  7.3001379e-006,
  5.1531250e+004,  7.3646604e-006,
  5.1546875e+004,  7.4903497e-006,
  5.1562500e+004,  7.7586966e-006,
  5.1578125e+004,  8.8056623e-006,
  5.1593750e+004,  8.7818522e-006,
  5.1609375e+004,  7.8857710e-006,
  5.1625000e+004,  7.5873063e-006,
  5.1640625e+004,  7.6491874e-006,
  5.1656250e+004,  8.4323312e-006,
  5.1671875e+004,  7.7167952e-006,
  5.1687500e+004,  7.0095894e-006,
  5.1703125e+004,  7.0811241e-006,
  5.1718750e+004,  7.5463304e-006,
  5.1734375e+004,  7.5924438e-006,
  5.1750000e+004,  7.4700962e-006,
  5.1765625e+004,  7.0285944e-006,
  5.1781250e+004,  6.8547468e-006,
  5.1796875e+004,  7.2117310e-006,
  5.1812500e+004,  7.6388391e-006,
  5.1828125e+004,  6.9811784e-006,
  5.1843750e+004,  6.6761550e-006,
  5.1859375e+004,  7.1195739e-006,
  5.1875000e+004,  7.8591266e-006,
  5.1890625e+004,  7.7220206e-006,
  5.1906250e+004,  6.8686810e-006,
  5.1921875e+004,  6.9481777e-006,
  5.1937500e+004,  7.1292189e-006,
  5.1953125e+004,  7.4549421e-006,
  5.1968750e+004,  7.5924438e-006,
  5.1984375e+004,  7.7429570e-006,
  5.2000000e+004,  7.9018009e-006,
  5.2015625e+004,  8.5878602e-006,
  5.2031250e+004,  8.1682843e-006,
  5.2046875e+004,  7.5208330e-006,
  5.2062500e+004,  7.2215009e-006,
  5.2078125e+004,  7.3001379e-006,
  5.2093750e+004,  7.7220206e-006,
  5.2109375e+004,  8.6403380e-006,
  5.2125000e+004,  8.3133140e-006,
  5.2140625e+004,  7.3100274e-006,
  5.2156250e+004,  6.6987888e-006,
  5.2171875e+004,  7.3100274e-006,
  5.2187500e+004,  8.0639036e-006,
  5.2203125e+004,  8.2964493e-006,
  5.2218750e+004,  7.8751026e-006,
  5.2234375e+004,  7.4903497e-006,
  5.2250000e+004,  7.7850005e-006,
  5.2265625e+004,  8.1351769e-006,
  5.2281250e+004,  7.9824408e-006,
  5.2296875e+004,  7.5667906e-006,
  5.2312500e+004,  7.5667906e-006,
  5.2328125e+004,  7.4347843e-006,
  5.2343750e+004,  7.4448563e-006,
  5.2359375e+004,  7.4046498e-006,
  5.2375000e+004,  7.4700962e-006,
  5.2390625e+004,  6.9059772e-006,
  5.2406250e+004,  6.7306050e-006,
  5.2421875e+004,  6.5242602e-006,
  5.2437500e+004,  6.7946917e-006,
  5.2453125e+004,  7.0095894e-006,
  5.2468750e+004,  7.0907170e-006,
  5.2484375e+004,  6.7946917e-006,
  5.2500000e+004,  6.7397231e-006,
  5.2515625e+004,  6.6221455e-006,
  5.2531250e+004,  7.3100274e-006,
  5.2546875e+004,  7.6130291e-006,
  5.2562500e+004,  7.5770414e-006,
  5.2578125e+004,  7.4046498e-006,
  5.2593750e+004,  7.2117310e-006,
  5.2609375e+004,  6.9059772e-006,
  5.2625000e+004,  7.3646604e-006,
  5.2640625e+004,  7.8751026e-006,
  5.2656250e+004,  7.2607129e-006,
  5.2671875e+004,  7.2410804e-006,
  5.2687500e+004,  7.2019743e-006,
  5.2703125e+004,  6.8966342e-006,
  5.2718750e+004,  6.9387775e-006,
  5.2734375e+004,  6.6221455e-006,
  5.2750000e+004,  6.9906359e-006,
  5.2765625e+004,  7.5873063e-006,
  5.2781250e+004,  7.9500866e-006,
  5.2796875e+004,  7.0428819e-006,
  5.2812500e+004,  6.3585815e-006,
  5.2828125e+004,  6.5463790e-006,
  5.2843750e+004,  6.9906359e-006,
  5.2859375e+004,  7.5361210e-006,
  5.2875000e+004,  7.6959295e-006,
  5.2890625e+004,  7.1195739e-006,
  5.2906250e+004,  7.4700962e-006,
  5.2921875e+004,  7.6233424e-006,
  5.2937500e+004,  7.7797327e-006,
  5.2953125e+004,  7.2803987e-006,
  5.2968750e+004,  6.9575905e-006,
  5.2984375e+004,  7.1727835e-006,
  5.3000000e+004,  7.4549421e-006,
  5.3015625e+004,  7.5565535e-006,
  5.3031250e+004,  7.5924438e-006,
  5.3046875e+004,  6.9059772e-006,
  5.3062500e+004,  7.1195739e-006,
  5.3078125e+004,  7.0715441e-006,
  5.3093750e+004,  7.2312839e-006,
  5.3109375e+004,  7.3100274e-006,
  5.3125000e+004,  7.6751201e-006,
  5.3140625e+004,  7.6233424e-006,
  5.3156250e+004,  7.3946322e-006,
  5.3171875e+004,  7.3646604e-006,
  5.3187500e+004,  6.8269634e-006,
  5.3203125e+004,  7.1825006e-006,
  5.3218750e+004,  6.9200155e-006,
  5.3234375e+004,  7.5924438e-006,
  5.3250000e+004,  7.5208330e-006,
  5.3265625e+004,  7.2117310e-006,
  5.3281250e+004,  7.3846280e-006,
  5.3296875e+004,  8.2460599e-006,
  5.3312500e+004,  7.8751026e-006,
  5.3328125e+004,  7.3100274e-006,
  5.3343750e+004,  6.9200155e-006,
  5.3359375e+004,  7.2410804e-006,
  5.3375000e+004,  7.4650414e-006,
  5.3390625e+004,  7.6388391e-006,
  5.3406250e+004,  7.2705491e-006,
  5.3421875e+004,  7.0524230e-006,
  5.3437500e+004,  7.7586966e-006,
  5.3453125e+004,  7.9393310e-006,
  5.3468750e+004,  7.8431833e-006,
  5.3484375e+004,  8.3414982e-006,
  5.3500000e+004,  8.2015264e-006,
  5.3515625e+004,  7.2312839e-006,
  5.3531250e+004,  6.6356068e-006,
  5.3546875e+004,  6.6356068e-006,
  5.3562500e+004,  7.1099418e-006,
  5.3578125e+004,  7.1292189e-006,
  5.3593750e+004,  7.4146811e-006,
  5.3609375e+004,  8.1351769e-006,
