  0.0000000e+000,  1.4038520e-002,
  2.5000000e+002,  9.5510189e-003,
  5.0000000e+002,  2.7674278e-003,
  7.5000000e+002,  2.3281511e-004,
  1.0000000e+003,  2.7013694e-005,
  1.2500000e+003,  2.2839061e-005,
  1.5000000e+003,  2.3370791e-005,
  1.7500000e+003,  2.4939916e-005,
  2.0000000e+003,  2.5365553e-005,
  2.2500000e+003,  2.3545458e-005,
  2.5000000e+003,  2.0675881e-005,
  2.7500000e+003,  2.0028443e-005,
  3.0000000e+003,  1.9826113e-005,
  3.2500000e+003,  1.9296502e-005,
  3.5000000e+003,  1.8704917e-005,
  3.7500000e+003,  1.9866415e-005,
  4.0000000e+003,  2.0788147e-005,
  4.2500000e+003,  2.0606020e-005,
  4.5000000e+003,  2.0592077e-005,
  4.7500000e+003,  2.0647907e-005,
  5.0000000e+003,  2.0480867e-005,
  5.2500000e+003,  1.9179303e-005,
  5.5000000e+003,  1.8082440e-005,
  5.7500000e+003,  2.0411668e-005,
  6.0000000e+003,  3.0493371e-005,
  6.2500000e+003,  3.6707469e-005,
  6.5000000e+003,  2.9121594e-005,
  6.7500000e+003,  2.4504825e-005,
  7.0000000e+003,  2.2562475e-005,
  7.2500000e+003,  2.3963511e-005,
  7.5000000e+003,  2.7773905e-005,
  7.7500000e+003,  2.4290136e-005,
  8.0000000e+003,  2.8420523e-005,
  8.2500000e+003,  3.4866823e-005,
  8.5000000e+003,  2.9618600e-005,
  8.7500000e+003,  2.4923040e-005,
  9.0000000e+003,  2.5589747e-005,
  9.2500000e+003,  2.2486240e-005,
  9.5000000e+003,  2.5211492e-005,
  9.7500000e+003,  2.8038358e-005,
  1.0000000e+004,  2.3947296e-005,
  1.0250000e+004,  2.0858625e-005,
  1.0500000e+004,  2.0273967e-005,
  1.0750000e+004,  1.9732393e-005,
  1.1000000e+004,  1.9812698e-005,
  1.1250000e+004,  2.1171573e-005,
  1.1500000e+004,  2.0411668e-005,
  1.1750000e+004,  1.8806481e-005,
  1.2000000e+004,  1.9480236e-005,
  1.2250000e+004,  2.1057233e-005,
  1.2500000e+004,  2.1944908e-005,
  1.2750000e+004,  2.1944908e-005,
  1.3000000e+004,  2.1416606e-005,
  1.3250000e+004,  2.0633935e-005,
  1.3500000e+004,  2.0453159e-005,
  1.3750000e+004,  2.1000297e-005,
  1.4000000e+004,  2.0219146e-005,
  1.4250000e+004,  2.2471024e-005,
  1.4500000e+004,  3.7791606e-005,
  1.4750000e+004,  5.0015069e-005,
  1.5000000e+004,  3.8280792e-005,
  1.5250000e+004,  6.0329786e-005,
  1.5500000e+004,  1.3319320e-004,
  1.5750000e+004,  1.4165561e-004,
  1.6000000e+004,  7.1067935e-005,
  1.6250000e+004,  2.4142608e-005,
  1.6500000e+004,  2.0370258e-005,
  1.6750000e+004,  2.0675881e-005,
  1.7000000e+004,  2.1057233e-005,
  1.7250000e+004,  1.9679038e-005,
  1.7500000e+004,  2.0619973e-005,
  1.7750000e+004,  2.1841172e-005,
  1.8000000e+004,  1.9140395e-005,
  1.8250000e+004,  2.0082745e-005,
  1.8500000e+004,  2.1930059e-005,
  1.8750000e+004,  2.0929340e-005,
  1.9000000e+004,  1.9826113e-005,
  1.9250000e+004,  2.0957693e-005,
  1.9500000e+004,  2.0467009e-005,
  1.9750000e+004,  2.0069155e-005,
  2.0000000e+004,  2.0550304e-005,
  2.0250000e+004,  2.0150831e-005,
  2.0500000e+004,  2.0717909e-005,
  2.0750000e+004,  2.0397856e-005,
  2.1000000e+004,  2.0453159e-005,
  2.1250000e+004,  2.1057233e-005,
  2.1500000e+004,  2.2153860e-005,
  2.1750000e+004,  2.2274154e-005,
  2.2000000e+004,  2.1974637e-005,
  2.2250000e+004,  2.0397856e-005,
  2.2500000e+004,  1.9401281e-005,
  2.2750000e+004,  1.9467055e-005,
  2.3000000e+004,  2.1989517e-005,
  2.3250000e+004,  2.3593320e-005,
  2.3500000e+004,  2.1930059e-005,
  2.3750000e+004,  2.3025334e-005,
  2.4000000e+004,  2.5451547e-005,
  2.4250000e+004,  2.2792729e-005,
  2.4500000e+004,  2.0703890e-005,
  2.4750000e+004,  2.1460143e-005,
  2.5000000e+004,  2.2455819e-005,
  2.5250000e+004,  2.1329803e-005,
  2.5500000e+004,  2.1460143e-005,
  2.5750000e+004,  2.1532897e-005,
  2.6000000e+004,  2.2379947e-005,
  2.6250000e+004,  2.4323042e-005,
  2.6500000e+004,  2.3931092e-005,
  2.6750000e+004,  2.1782115e-005,
  2.7000000e+004,  2.1547477e-005,
  2.7250000e+004,  2.2019306e-005,
  2.7500000e+004,  2.2259081e-005,
  2.7750000e+004,  2.1989517e-005,
  2.8000000e+004,  2.1157247e-005,
  2.8250000e+004,  2.0971884e-005,
  2.8500000e+004,  2.0802223e-005,
  2.8750000e+004,  2.1100037e-005,
  2.9000000e+004,  2.1071492e-005,
  2.9250000e+004,  2.2562475e-005,
  2.9500000e+004,  2.3898716e-005,
  2.9750000e+004,  2.2823607e-005,
  3.0000000e+004,  2.1460143e-005,
  3.0250000e+004,  2.1028746e-005,
  3.0500000e+004,  1.9960772e-005,
  3.0750000e+004,  2.2213926e-005,
  3.1000000e+004,  4.4427850e-005,
  3.1250000e+004,  6.9970059e-005,
  3.1500000e+004,  5.8007124e-005,
  3.1750000e+004,  3.0349225e-005,
  3.2000000e+004,  2.1870760e-005,
  3.2250000e+004,  1.9826113e-005,
  3.2500000e+004,  1.9231302e-005,
  3.2750000e+004,  2.0731938e-005,
  3.3000000e+004,  2.2319431e-005,
  3.3250000e+004,  2.4077328e-005,
  3.3500000e+004,  2.6327700e-005,
  3.3750000e+004,  2.2486240e-005,
  3.4000000e+004,  2.0550304e-005,
  3.4250000e+004,  2.2978624e-005,
  3.4500000e+004,  2.2183871e-005,
  3.4750000e+004,  2.1257732e-005,
  3.5000000e+004,  2.1723216e-005,
  3.5250000e+004,  2.0774081e-005,
  3.5500000e+004,  2.0661888e-005,
  3.5750000e+004,  2.0915178e-005,
  3.6000000e+004,  2.1286533e-005,
  3.6250000e+004,  2.0816309e-005,
  3.6500000e+004,  2.1057233e-005,
  3.6750000e+004,  2.1620530e-005,
  3.7000000e+004,  2.2608338e-005,
  3.7250000e+004,  2.2093958e-005,
  3.7500000e+004,  2.0929340e-005,
  3.7750000e+004,  2.1915220e-005,
  3.8000000e+004,  2.2684985e-005,
  3.8250000e+004,  2.1944908e-005,
  3.8500000e+004,  2.2932010e-005,
  3.8750000e+004,  2.3481791e-005,
  3.9000000e+004,  2.1402115e-005,
  3.9250000e+004,  2.0164476e-005,
  3.9500000e+004,  2.0315179e-005,
  3.9750000e+004,  1.9893328e-005,
  4.0000000e+004,  2.1329803e-005,
  4.0250000e+004,  2.2839061e-005,
  4.0500000e+004,  2.2823607e-005,
  4.0750000e+004,  2.2471024e-005,
  4.1000000e+004,  2.1460143e-005,
  4.1250000e+004,  2.0123570e-005,
  4.1500000e+004,  2.2623647e-005,
  4.1750000e+004,  2.4028482e-005,
  4.2000000e+004,  2.0467009e-005,
  4.2250000e+004,  2.0802223e-005,
  4.2500000e+004,  2.3166035e-005,
  4.2750000e+004,  2.3609295e-005,
  4.3000000e+004,  2.4704684e-005,
  4.3250000e+004,  2.5092314e-005,
  4.3500000e+004,  2.3561401e-005,
  4.3750000e+004,  2.4738151e-005,
  4.4000000e+004,  2.5503286e-005,
  4.4250000e+004,  2.2153860e-005,
  4.4500000e+004,  2.3291825e-005,
  4.4750000e+004,  2.7623909e-005,
  4.5000000e+004,  2.5451547e-005,
  4.5250000e+004,  2.4191683e-005,
  4.5500000e+004,  2.6995415e-005,
  4.5750000e+004,  2.5126309e-005,
  4.6000000e+004,  2.7586537e-005,
  4.6250000e+004,  3.1628607e-005,
  4.6500000e+004,  2.8152463e-005,
  4.6750000e+004,  4.0383587e-005,
  4.7000000e+004,  5.0593930e-005,
  4.7250000e+004,  3.6831918e-005,
  4.7500000e+004,  3.4328195e-005,
  4.7750000e+004,  4.3889814e-005,
  4.8000000e+004,  3.9119028e-005,
  4.8250000e+004,  5.2229426e-005,
  4.8500000e+004,  1.6281769e-002,
  4.8750000e+004,  1.9657504e-001,
  4.9000000e+004,  6.7980402e-001,
  4.9250000e+004,  9.9583033e-001,
  4.9500000e+004,  6.6164483e-001,
  4.9750000e+004,  6.5718091e-001,
  5.0000000e+004,  9.9179390e-001,
  5.0250000e+004,  6.7888448e-001,
  5.0500000e+004,  1.9684129e-001,
  5.0750000e+004,  1.6292799e-002,
  5.1000000e+004,  4.7571485e-005,
  5.1250000e+004,  3.2651027e-005,
  5.1500000e+004,  3.6140406e-005,
  5.1750000e+004,  3.0022301e-005,
  5.2000000e+004,  2.5211492e-005,
  5.2250000e+004,  2.8749454e-005,
  5.2500000e+004,  2.5177384e-005,
  5.2750000e+004,  2.4438567e-005,
  5.3000000e+004,  2.7943620e-005,
  5.3250000e+004,  2.4822021e-005,
  5.3500000e+004,  2.3801850e-005,
  5.3750000e+004,  2.7400434e-005,
  5.4000000e+004,  2.8095352e-005,
  5.4250000e+004,  2.6506517e-005,
  5.4500000e+004,  2.5850898e-005,
  5.4750000e+004,  2.4077328e-005,
  5.5000000e+004,  2.4422030e-005,
  5.5250000e+004,  2.5659129e-005,
  5.5500000e+004,  2.3354975e-005,
  5.5750000e+004,  2.1693828e-005,
  5.6000000e+004,  2.3087763e-005,
  5.6250000e+004,  2.4587904e-005,
  5.6500000e+004,  2.4126271e-005,
  5.6750000e+004,  2.3276064e-005,
  5.7000000e+004,  2.1532897e-005,
  5.7250000e+004,  2.2379947e-005,
  5.7500000e+004,  2.4093632e-005,
  5.7750000e+004,  2.1547477e-005,
  5.8000000e+004,  2.1057233e-005,
  5.8250000e+004,  2.2900986e-005,
  5.8500000e+004,  2.3402452e-005,
  5.8750000e+004,  2.3103397e-005,
  5.9000000e+004,  2.2455819e-005,
  5.9250000e+004,  2.1358698e-005,
  5.9500000e+004,  2.3197421e-005,
  5.9750000e+004,  2.4587904e-005,
  6.0000000e+004,  2.1679148e-005,
  6.0250000e+004,  2.0014890e-005,
  6.0500000e+004,  2.1547477e-005,
  6.0750000e+004,  2.2410265e-005,
  6.1000000e+004,  2.1679148e-005,
  6.1250000e+004,  2.1300946e-005,
  6.1500000e+004,  2.1014516e-005,
  6.1750000e+004,  2.1416606e-005,
  6.2000000e+004,  2.1272127e-005,
  6.2250000e+004,  2.3866382e-005,
  6.2500000e+004,  3.2081416e-005,
  6.2750000e+004,  3.1203303e-005,
  6.3000000e+004,  2.3817966e-005,
  6.3250000e+004,  2.1000297e-005,
  6.3500000e+004,  2.1576668e-005,
  6.3750000e+004,  2.3040927e-005,
  6.4000000e+004,  2.2654295e-005,
  6.4250000e+004,  2.1708517e-005,
  6.4500000e+004,  2.1344245e-005,
  6.4750000e+004,  2.4771667e-005,
  6.5000000e+004,  2.6722701e-005,
  6.5250000e+004,  2.4973702e-005,
  6.5500000e+004,  2.7773905e-005,
  6.5750000e+004,  3.0888080e-005,
  6.6000000e+004,  2.5885918e-005,
  6.6250000e+004,  2.1974637e-005,
  6.6500000e+004,  2.2395101e-005,
  6.6750000e+004,  2.3197421e-005,
  6.7000000e+004,  2.2947537e-005,
  6.7250000e+004,  2.3040927e-005,
  6.7500000e+004,  2.1474674e-005,
  6.7750000e+004,  2.0929340e-005,
  6.8000000e+004,  2.1870760e-005,
  6.8250000e+004,  2.2593040e-005,
  6.8500000e+004,  2.1620530e-005,
  6.8750000e+004,  2.1416606e-005,
  6.9000000e+004,  2.1071492e-005,
  6.9250000e+004,  2.1782115e-005,
  6.9500000e+004,  2.1870760e-005,
  6.9750000e+004,  2.2304328e-005,
  7.0000000e+004,  2.4306584e-005,
  7.0250000e+004,  2.5058367e-005,
  7.0500000e+004,  2.3561401e-005,
  7.0750000e+004,  2.2364801e-005,
  7.1000000e+004,  2.1503766e-005,
  7.1250000e+004,  2.0411668e-005,
  7.1500000e+004,  2.0633935e-005,
  7.1750000e+004,  2.0858625e-005,
  7.2000000e+004,  2.0522499e-005,
  7.2250000e+004,  2.0578143e-005,
  7.2500000e+004,  2.0886882e-005,
  7.2750000e+004,  2.1214609e-005,
  7.3000000e+004,  2.2228968e-005,
  7.3250000e+004,  2.2885489e-005,
  7.3500000e+004,  2.3625281e-005,
  7.3750000e+004,  2.7215586e-005,
  7.4000000e+004,  2.6542426e-005,
  7.4250000e+004,  2.1944908e-005,
  7.4500000e+004,  2.0647907e-005,
  7.4750000e+004,  2.1142930e-005,
  7.5000000e+004,  2.2531948e-005,
  7.5250000e+004,  2.2228968e-005,
  7.5500000e+004,  2.0191793e-005,
  7.5750000e+004,  2.1532897e-005,
  7.6000000e+004,  2.2808163e-005,
  7.6250000e+004,  2.2455819e-005,
  7.6500000e+004,  2.2963076e-005,
  7.6750000e+004,  2.2228968e-005,
  7.7000000e+004,  2.0522499e-005,
  7.7250000e+004,  2.0564219e-005,
  7.7500000e+004,  2.1915220e-005,
  7.7750000e+004,  2.2932010e-005,
  7.8000000e+004,  2.3898716e-005,
  7.8250000e+004,  2.6795156e-005,
  7.8500000e+004,  3.3889522e-005,
  7.8750000e+004,  3.8802563e-005,
  7.9000000e+004,  3.0062976e-005,
  7.9250000e+004,  2.2577752e-005,
  7.9500000e+004,  2.3166035e-005,
  7.9750000e+004,  2.3497691e-005,
  8.0000000e+004,  2.2228968e-005,
  8.0250000e+004,  2.0844511e-005,
  8.0500000e+004,  2.1000297e-005,
  8.0750000e+004,  2.2731100e-005,
  8.1000000e+004,  2.4240861e-005,
  8.1250000e+004,  2.3450023e-005,
  8.1500000e+004,  2.1752647e-005,
  8.1750000e+004,  2.2259081e-005,
  8.2000000e+004,  2.3307597e-005,
  8.2250000e+004,  2.2700348e-005,
  8.2500000e+004,  2.1900391e-005,
  8.2750000e+004,  2.1576668e-005,
  8.3000000e+004,  2.1200254e-005,
  8.3250000e+004,  2.2379947e-005,
  8.3500000e+004,  2.2715719e-005,
  8.3750000e+004,  2.1930059e-005,
  8.4000000e+004,  2.2547208e-005,
  8.4250000e+004,  2.3721430e-005,
  8.4500000e+004,  2.2259081e-005,
  8.4750000e+004,  2.2395101e-005,
  8.5000000e+004,  2.3931092e-005,
  8.5250000e+004,  2.3197421e-005,
  8.5500000e+004,  2.0872749e-005,
  8.5750000e+004,  2.0564219e-005,
  8.6000000e+004,  2.1591280e-005,
  8.6250000e+004,  2.2777306e-005,
  8.6500000e+004,  2.3577355e-005,
  8.6750000e+004,  2.5572431e-005,
  8.7000000e+004,  2.5262740e-005,
  8.7250000e+004,  2.4939916e-005,
  8.7500000e+004,  2.3625281e-005,
  8.7750000e+004,  2.1042985e-005,
  8.8000000e+004,  2.1915220e-005,
  8.8250000e+004,  2.6758903e-005,
  8.8500000e+004,  2.7270908e-005,
  8.8750000e+004,  2.7493327e-005,
  8.9000000e+004,  3.0762887e-005,
  8.9250000e+004,  3.2695259e-005,
  8.9500000e+004,  2.6578383e-005,
  8.9750000e+004,  2.2531948e-005,
  9.0000000e+004,  2.5399915e-005,
  9.0250000e+004,  2.6560398e-005,
  9.0500000e+004,  2.3898716e-005,
  9.0750000e+004,  2.7086934e-005,
  9.1000000e+004,  2.7981479e-005,
  9.1250000e+004,  2.4771667e-005,
  9.1500000e+004,  2.3785744e-005,
  9.1750000e+004,  2.4687967e-005,
  9.2000000e+004,  2.2440624e-005,
  9.2250000e+004,  2.1445622e-005,
  9.2500000e+004,  2.2700348e-005,
  9.2750000e+004,  2.3339171e-005,
  9.3000000e+004,  2.3119040e-005,
  9.3250000e+004,  2.3181721e-005,
  9.3500000e+004,  2.1329803e-005,
  9.3750000e+004,  2.2410265e-005,
  9.4000000e+004,  2.3103397e-005,
  9.4250000e+004,  2.3244575e-005,
  9.4500000e+004,  2.3785744e-005,
  9.4750000e+004,  2.3025334e-005,
  9.5000000e+004,  2.2623647e-005,
  9.5250000e+004,  2.3150360e-005,
  9.5500000e+004,  2.3657287e-005,
  9.5750000e+004,  2.3370791e-005,
  9.6000000e+004,  2.3753565e-005,
  9.6250000e+004,  2.3947296e-005,
  9.6500000e+004,  2.3056529e-005,
  9.6750000e+004,  2.2947537e-005,
  9.7000000e+004,  2.2379947e-005,
  9.7250000e+004,  2.1100037e-005,
  9.7500000e+004,  2.1767376e-005,
  9.7750000e+004,  2.1841172e-005,
  9.8000000e+004,  2.9082196e-005,
  9.8250000e+004,  6.1069357e-005,
  9.8500000e+004,  8.6073314e-005,
  9.8750000e+004,  6.1525771e-005,
  9.9000000e+004,  7.1260617e-005,
  9.9250000e+004,  1.0645755e-004,
  9.9500000e+004,  8.2647560e-005,
  9.9750000e+004,  7.7029427e-005,
