  2.5500000e+004,  1.4719354e-005,
  2.5625000e+004,  1.4719354e-005,
  2.5750000e+004,  1.4133518e-005,
  2.5875000e+004,  1.3924603e-005,
  2.6000000e+004,  1.4541098e-005,
  2.6125000e+004,  1.6796307e-005,
  2.6250000e+004,  1.9467055e-005,
  2.6375000e+004,  2.0001347e-005,
  2.6500000e+004,  1.8131466e-005,
  2.6625000e+004,  1.6204408e-005,
  2.6750000e+004,  1.4570657e-005,
  2.6875000e+004,  1.4229512e-005,
  2.7000000e+004,  1.4472361e-005,
  2.7125000e+004,  1.4970562e-005,
  2.7250000e+004,  1.5123341e-005,
  2.7375000e+004,  1.4600275e-005,
  2.7500000e+004,  1.3397577e-005,
  2.7625000e+004,  1.3397577e-005,
  2.7750000e+004,  1.4133518e-005,
  2.7875000e+004,  1.4859507e-005,
  2.8000000e+004,  1.6637886e-005,
  2.8125000e+004,  1.5412711e-005,
  2.8250000e+004,  1.4809299e-005,
  2.8375000e+004,  1.5031487e-005,
  2.8500000e+004,  1.5123341e-005,
  2.8625000e+004,  1.5000994e-005,
  2.8750000e+004,  1.4423462e-005,
  2.8875000e+004,  1.4541098e-005,
  2.9000000e+004,  1.5665145e-005,
  2.9125000e+004,  1.5215755e-005,
  2.9250000e+004,  1.5123341e-005,
  2.9375000e+004,  1.4849452e-005,
  2.9500000e+004,  1.4689494e-005,
  2.9625000e+004,  1.4162248e-005,
  2.9750000e+004,  1.3783935e-005,
  2.9875000e+004,  1.6762232e-005,
  3.0000000e+004,  2.0260249e-005,
  3.0125000e+004,  1.8391044e-005,
  3.0250000e+004,  1.5954078e-005,
  3.0375000e+004,  1.5696988e-005,
  3.0500000e+004,  1.5633366e-005,
  3.0625000e+004,  1.4491967e-005,
  3.0750000e+004,  1.4679554e-005,
  3.0875000e+004,  1.6171533e-005,
  3.1000000e+004,  1.8793755e-005,
  3.1125000e+004,  4.5801973e-005,
  3.1250000e+004,  8.5898695e-005,
  3.1375000e+004,  7.8450190e-005,
  3.1500000e+004,  3.6262933e-005,
  3.1625000e+004,  1.6944762e-005,
  3.1750000e+004,  1.4909884e-005,
  3.1875000e+004,  1.5506892e-005,
  3.2000000e+004,  1.5954078e-005,
  3.2125000e+004,  1.5402282e-005,
  3.2250000e+004,  1.5277677e-005,
  3.2375000e+004,  1.5412711e-005,
  3.2500000e+004,  1.5559465e-005,
  3.2625000e+004,  1.4889713e-005,
  3.2750000e+004,  1.4729321e-005,
  3.2875000e+004,  1.5360634e-005,
  3.3000000e+004,  1.5267339e-005,
  3.3125000e+004,  1.4960432e-005,
  3.3250000e+004,  1.4869568e-005,
  3.3375000e+004,  1.5308734e-005,
  3.3500000e+004,  1.5433591e-005,
  3.3625000e+004,  1.4930082e-005,
  3.3750000e+004,  1.4306777e-005,
  3.3875000e+004,  1.3990739e-005,
  3.4000000e+004,  1.4829362e-005,
  3.4125000e+004,  1.4749275e-005,
  3.4250000e+004,  1.4423462e-005,
  3.4375000e+004,  1.4009693e-005,
  3.4500000e+004,  1.3461210e-005,
  3.4625000e+004,  1.3755972e-005,
  3.4750000e+004,  1.4819327e-005,
  3.4875000e+004,  1.5174612e-005,
  3.5000000e+004,  1.5381443e-005,
  3.5125000e+004,  1.5021316e-005,
  3.5250000e+004,  1.4580523e-005,
  3.5375000e+004,  1.5433591e-005,
  3.5500000e+004,  1.5932494e-005,
  3.5625000e+004,  1.4789264e-005,
  3.5750000e+004,  1.4590396e-005,
  3.5875000e+004,  1.4869568e-005,
  3.6000000e+004,  1.5257009e-005,
  3.6125000e+004,  1.4889713e-005,
  3.6250000e+004,  1.4709394e-005,
  3.6375000e+004,  1.4570657e-005,
  3.6500000e+004,  1.5051851e-005,
  3.6625000e+004,  1.4859507e-005,
  3.6750000e+004,  1.4384462e-005,
  3.6875000e+004,  1.4345567e-005,
  3.7000000e+004,  1.4277754e-005,
  3.7125000e+004,  1.3128256e-005,
  3.7250000e+004,  1.3092758e-005,
  3.7375000e+004,  1.3840031e-005,
  3.7500000e+004,  1.5154082e-005,
  3.7625000e+004,  1.4550944e-005,
  3.7750000e+004,  1.3737362e-005,
  3.7875000e+004,  1.5021316e-005,
  3.8000000e+004,  1.6226360e-005,
  3.8125000e+004,  1.5601651e-005,
  3.8250000e+004,  1.4919980e-005,
  3.8375000e+004,  1.5548937e-005,
  3.8500000e+004,  1.6008167e-005,
  3.8625000e+004,  1.4229512e-005,
  3.8750000e+004,  1.3617007e-005,
  3.8875000e+004,  1.5164343e-005,
  3.9000000e+004,  1.6514462e-005,
  3.9125000e+004,  1.5329473e-005,
  3.9250000e+004,  1.3607793e-005,
  3.9375000e+004,  1.3424812e-005,
  3.9500000e+004,  1.4799279e-005,
  3.9625000e+004,  1.4306777e-005,
  3.9750000e+004,  1.3811955e-005,
  3.9875000e+004,  1.5277677e-005,
  4.0000000e+004,  1.6604134e-005,
  4.0125000e+004,  1.4909884e-005,
  4.0250000e+004,  1.4239147e-005,
  4.0375000e+004,  1.7924018e-005,
  4.0500000e+004,  2.1532897e-005,
  4.0625000e+004,  1.7599407e-005,
  4.0750000e+004,  1.5164343e-005,
  4.0875000e+004,  1.7599407e-005,
  4.1000000e+004,  2.0971884e-005,
  4.1125000e+004,  1.8009148e-005,
  4.1250000e+004,  1.4759262e-005,
  4.1375000e+004,  1.5803602e-005,
  4.1500000e+004,  1.7071402e-005,
  4.1625000e+004,  1.5113107e-005,
  4.1750000e+004,  1.4560797e-005,
  4.1875000e+004,  1.5444041e-005,
  4.2000000e+004,  1.5570001e-005,
  4.2125000e+004,  1.5123341e-005,
  4.2250000e+004,  1.4019179e-005,
  4.2375000e+004,  1.4423462e-005,
  4.2500000e+004,  1.5792908e-005,
  4.2625000e+004,  1.5154082e-005,
  4.2750000e+004,  1.4482161e-005,
  4.2875000e+004,  1.6248342e-005,
  4.3000000e+004,  1.8217583e-005,
  4.3125000e+004,  1.7036771e-005,
  4.3250000e+004,  1.4950309e-005,
  4.3375000e+004,  1.4580523e-005,
  4.3500000e+004,  1.6592898e-005,
  4.3625000e+004,  1.6237347e-005,
  4.3750000e+004,  1.4960432e-005,
  4.3875000e+004,  1.6492120e-005,
  4.4000000e+004,  1.8934214e-005,
  4.4125000e+004,  1.7468850e-005,
  4.4250000e+004,  1.6728228e-005,
  4.4375000e+004,  1.6660425e-005,
  4.4500000e+004,  1.6841846e-005,
  4.4625000e+004,  1.6559238e-005,
  4.4750000e+004,  1.4950309e-005,
  4.4875000e+004,  1.6095090e-005,
  4.5000000e+004,  1.8168324e-005,
  4.5125000e+004,  1.6887508e-005,
  4.5250000e+004,  1.4829362e-005,
  4.5375000e+004,  1.6559238e-005,
  4.5500000e+004,  1.8304109e-005,
  4.5625000e+004,  1.5771542e-005,
  4.5750000e+004,  1.4219884e-005,
  4.5875000e+004,  1.7766982e-005,
  4.6000000e+004,  2.1855961e-005,
  4.6125000e+004,  1.9101565e-005,
  4.6250000e+004,  1.5205459e-005,
  4.6375000e+004,  1.7198989e-005,
  4.6500000e+004,  1.9906798e-005,
  4.6625000e+004,  1.6581671e-005,
  4.6750000e+004,  2.4754905e-005,
  4.6875000e+004,  4.9576883e-005,
  4.7000000e+004,  5.3013037e-005,
  4.7125000e+004,  2.9259909e-005,
  4.7250000e+004,  1.5506892e-005,
  4.7375000e+004,  1.9772503e-005,
  4.7500000e+004,  2.4889319e-005,
  4.7625000e+004,  2.0356474e-005,
  4.7750000e+004,  1.6008167e-005,
  4.7875000e+004,  2.2455819e-005,
  4.8000000e+004,  2.8420523e-005,
  4.8125000e+004,  2.2108918e-005,
  4.8250000e+004,  1.5391858e-005,
  4.8375000e+004,  2.3040927e-005,
  4.8500000e+004,  3.0679704e-005,
  4.8625000e+004,  2.3866382e-005,
  4.8750000e+004,  1.5612215e-005,
  4.8875000e+004,  2.6452746e-005,
  4.9000000e+004,  3.6435163e-005,
  4.9125000e+004,  2.6363366e-005,
  4.9250000e+004,  1.7599407e-005,
  4.9375000e+004,  4.6269392e-005,
  4.9500000e+004,  6.5790098e-005,
  4.9625000e+004,  1.6237752e-002,
  4.9750000e+004,  1.9670803e-001,
  4.9875000e+004,  6.8026455e-001,
  5.0000000e+004,  9.9988318e-001,
  5.0125000e+004,  6.9093789e-001,
  5.0250000e+004,  3.5351212e-001,
  5.0375000e+004,  6.8581233e-001,
  5.0500000e+004,  9.9515703e-001,
  5.0625000e+004,  6.7934380e-001,
  5.0750000e+004,  1.9724144e-001,
  5.0875000e+004,  1.6370190e-002,
  5.1000000e+004,  6.0904231e-005,
  5.1125000e+004,  4.2630741e-005,
  5.1250000e+004,  1.6469808e-005,
  5.1375000e+004,  2.3963511e-005,
  5.1500000e+004,  3.2917325e-005,
  5.1625000e+004,  2.4855648e-005,
  5.1750000e+004,  1.5964882e-005,
  5.1875000e+004,  2.1620530e-005,
  5.2000000e+004,  2.7680061e-005,
  5.2125000e+004,  2.1693828e-005,
  5.2250000e+004,  1.4511599e-005,
  5.2375000e+004,  1.9772503e-005,
  5.2500000e+004,  2.5434325e-005,
  5.2625000e+004,  2.1243348e-005,
  5.2750000e+004,  1.6160591e-005,
  5.2875000e+004,  1.9348819e-005,
  5.3000000e+004,  2.3213128e-005,
  5.3125000e+004,  1.9440718e-005,
  5.3250000e+004,  1.5601651e-005,
  5.3375000e+004,  1.6716909e-005,
  5.3500000e+004,  1.9732393e-005,
  5.3625000e+004,  1.6773582e-005,
  5.3750000e+004,  1.4879637e-005,
  5.3875000e+004,  1.8316503e-005,
  5.4000000e+004,  2.2079008e-005,
  5.4125000e+004,  2.1042985e-005,
  5.4250000e+004,  1.9244326e-005,
  5.4375000e+004,  1.7457030e-005,
  5.4500000e+004,  1.6990703e-005,
  5.4625000e+004,  1.5857181e-005,
  5.4750000e+004,  1.5570001e-005,
  5.4875000e+004,  1.8679609e-005,
  5.5000000e+004,  2.1272127e-005,
  5.5125000e+004,  1.7827218e-005,
  5.5250000e+004,  1.5092660e-005,
  5.5375000e+004,  1.6436397e-005,
  5.5500000e+004,  1.8328905e-005,
  5.5625000e+004,  1.7351002e-005,
  5.5750000e+004,  1.5548937e-005,
  5.5875000e+004,  1.6084199e-005,
  5.6000000e+004,  1.7575597e-005,
  5.6125000e+004,  1.5402282e-005,
  5.6250000e+004,  1.3783935e-005,
  5.6375000e+004,  1.5792908e-005,
  5.6500000e+004,  1.6626627e-005,
  5.6625000e+004,  1.6116894e-005,
  5.6750000e+004,  1.7268982e-005,
  5.6875000e+004,  1.7504360e-005,
  5.7000000e+004,  1.7647123e-005,
  5.7125000e+004,  1.6819061e-005,
  5.7250000e+004,  1.6933296e-005,
  5.7375000e+004,  1.7315804e-005,
  5.7500000e+004,  1.7551820e-005,
  5.7625000e+004,  1.6292395e-005,
  5.7750000e+004,  1.6171533e-005,
  5.7875000e+004,  1.8870241e-005,
  5.8000000e+004,  2.0689881e-005,
  5.8125000e+004,  1.7779013e-005,
  5.8250000e+004,  1.5782222e-005,
  5.8375000e+004,  1.5997335e-005,
  5.8500000e+004,  1.6819061e-005,
  5.8625000e+004,  1.6819061e-005,
  5.8750000e+004,  1.6314468e-005,
  5.8875000e+004,  1.7164099e-005,
  5.9000000e+004,  1.8291721e-005,
  5.9125000e+004,  1.6728228e-005,
  5.9250000e+004,  1.5391858e-005,
  5.9375000e+004,  1.9075723e-005,
  5.9500000e+004,  2.2379947e-005,
  5.9625000e+004,  1.8378599e-005,
  5.9750000e+004,  1.5857181e-005,
  5.9875000e+004,  1.9401281e-005,
  6.0000000e+004,  2.3609295e-005,
  6.0125000e+004,  1.9732393e-005,
  6.0250000e+004,  1.5932494e-005,
  6.0375000e+004,  1.6536834e-005,
  6.0500000e+004,  1.8094684e-005,
  6.0625000e+004,  1.7222288e-005,
  6.0750000e+004,  1.5686366e-005,
  6.0875000e+004,  1.5475435e-005,
  6.1000000e+004,  1.6570451e-005,
  6.1125000e+004,  1.6270353e-005,
  6.1250000e+004,  1.5867918e-005,
  6.1375000e+004,  1.6105988e-005,
  6.1500000e+004,  1.6051569e-005,
  6.1625000e+004,  1.5464963e-005,
  6.1750000e+004,  1.5485913e-005,
  6.1875000e+004,  1.5803602e-005,
  6.2000000e+004,  1.6436397e-005,
  6.2125000e+004,  1.6682997e-005,
  6.2250000e+004,  1.6458664e-005,
  6.2375000e+004,  1.9839538e-005,
  6.2500000e+004,  3.2739555e-005,
  6.2625000e+004,  3.6633004e-005,
  6.2750000e+004,  2.4028482e-005,
  6.2875000e+004,  1.6990703e-005,
  6.3000000e+004,  1.7362751e-005,
  6.3125000e+004,  1.6270353e-005,
  6.3250000e+004,  1.5622786e-005,
  6.3375000e+004,  1.6447527e-005,
  6.3500000e+004,  1.6358700e-005,
  6.3625000e+004,  1.5164343e-005,
  6.3750000e+004,  1.5402282e-005,
  6.3875000e+004,  1.5803602e-005,
  6.4000000e+004,  1.5739548e-005,
  6.4125000e+004,  1.5277677e-005,
  6.4250000e+004,  1.5339853e-005,
  6.4375000e+004,  1.5391858e-005,
  6.4500000e+004,  1.6898943e-005,
  6.4625000e+004,  1.6784940e-005,
  6.4750000e+004,  1.5889414e-005,
  6.4875000e+004,  1.4779257e-005,
  6.5000000e+004,  1.4066707e-005,
  6.5125000e+004,  1.4739295e-005,
  6.5250000e+004,  1.5195170e-005,
  6.5375000e+004,  1.5257009e-005,
  6.5500000e+004,  1.5102881e-005,
  6.5625000e+004,  1.5319100e-005,
  6.5750000e+004,  1.4930082e-005,
  6.5875000e+004,  1.5184888e-005,
  6.6000000e+004,  1.6990703e-005,
  6.6125000e+004,  1.7175721e-005,
  6.6250000e+004,  1.7094529e-005,
  6.6375000e+004,  1.6967717e-005,
  6.6500000e+004,  1.6149655e-005,
  6.6625000e+004,  1.4719354e-005,
  6.6750000e+004,  1.4191036e-005,
  6.6875000e+004,  1.4819327e-005,
  6.7000000e+004,  1.6292395e-005,
  6.7125000e+004,  1.6660425e-005,
  6.7250000e+004,  1.6956236e-005,
  6.7375000e+004,  1.6864662e-005,
  6.7500000e+004,  1.6570451e-005,
  6.7625000e+004,  1.5846449e-005,
  6.7750000e+004,  1.5464963e-005,
  6.7875000e+004,  1.5696988e-005,
  6.8000000e+004,  1.6248342e-005,
  6.8125000e+004,  1.5580544e-005,
  6.8250000e+004,  1.5464963e-005,
  6.8375000e+004,  1.5538415e-005,
  6.8500000e+004,  1.5750205e-005,
  6.8625000e+004,  1.5371035e-005,
  6.8750000e+004,  1.5423147e-005,
  6.8875000e+004,  1.5803602e-005,
  6.9000000e+004,  1.6728228e-005,
  6.9125000e+004,  1.6029853e-005,
  6.9250000e+004,  1.5665145e-005,
  6.9375000e+004,  1.6671708e-005,
  6.9500000e+004,  1.7936155e-005,
  6.9625000e+004,  1.7587498e-005,
  6.9750000e+004,  1.7152484e-005,
  6.9875000e+004,  1.8453395e-005,
  7.0000000e+004,  2.0273967e-005,
  7.0125000e+004,  1.6921838e-005,
  7.0250000e+004,  1.4620055e-005,
  7.0375000e+004,  1.5718253e-005,
  7.0500000e+004,  1.6369777e-005,
  7.0625000e+004,  1.5857181e-005,
  7.0750000e+004,  1.5123341e-005,
  7.0875000e+004,  1.5051851e-005,
  7.1000000e+004,  1.5215755e-005,
  7.1125000e+004,  1.4950309e-005,
  7.1250000e+004,  1.4930082e-005,
  7.1375000e+004,  1.5000994e-005,
  7.1500000e+004,  1.4679554e-005,
  7.1625000e+004,  1.4970562e-005,
  7.1750000e+004,  1.5371035e-005,
  7.1875000e+004,  1.5570001e-005,
  7.2000000e+004,  1.5910939e-005,
  7.2125000e+004,  1.6019006e-005,
  7.2250000e+004,  1.6626627e-005,
  7.2375000e+004,  1.6819061e-005,
  7.2500000e+004,  1.6503287e-005,
  7.2625000e+004,  1.6105988e-005,
  7.2750000e+004,  1.5782222e-005,
  7.2875000e+004,  1.5485913e-005,
  7.3000000e+004,  1.6204408e-005,
  7.3125000e+004,  1.6910388e-005,
  7.3250000e+004,  1.6604134e-005,
  7.3375000e+004,  1.6990703e-005,
  7.3500000e+004,  1.7492515e-005,
  7.3625000e+004,  1.6436397e-005,
  7.3750000e+004,  1.7398045e-005,
  7.3875000e+004,  2.4738151e-005,
  7.4000000e+004,  2.5991264e-005,
  7.4125000e+004,  1.9024144e-005,
  7.4250000e+004,  1.5580544e-005,
  7.4375000e+004,  1.5728896e-005,
  7.4500000e+004,  1.5444041e-005,
  7.4625000e+004,  1.4909884e-005,
  7.4750000e+004,  1.4610162e-005,
  7.4875000e+004,  1.5371035e-005,
  7.5000000e+004,  1.6019006e-005,
  7.5125000e+004,  1.5391858e-005,
  7.5250000e+004,  1.5360634e-005,
  7.5375000e+004,  1.5932494e-005,
