  0.0000000e+000,  1.2504076e-002,
  2.5000000e+002,  8.5128331e-003,
  5.0000000e+002,  2.4732978e-003,
  7.5000000e+002,  2.0976793e-004,
  1.0000000e+003,  5.3917778e-005,
  1.2500000e+003,  4.3741517e-005,
  1.5000000e+003,  2.7252455e-005,
  1.7500000e+003,  2.3817966e-005,
  2.0000000e+003,  2.4671262e-005,
  2.2500000e+003,  2.3931092e-005,
  2.5000000e+003,  2.1591280e-005,
  2.7500000e+003,  2.0774081e-005,
  3.0000000e+003,  2.1114324e-005,
  3.2500000e+003,  1.9987813e-005,
  3.5000000e+003,  1.9879867e-005,
  3.7500000e+003,  2.1503766e-005,
  4.0000000e+003,  2.5503286e-005,
  4.2500000e+003,  2.5092314e-005,
  4.5000000e+003,  2.0494735e-005,
  4.7500000e+003,  2.0205465e-005,
  5.0000000e+003,  2.2019306e-005,
  5.2500000e+003,  2.1057233e-005,
  5.5000000e+003,  1.9361921e-005,
  5.7500000e+003,  1.9759124e-005,
  6.0000000e+003,  2.7437554e-005,
  6.2500000e+003,  3.4561352e-005,
  6.5000000e+003,  2.6995415e-005,
  6.7500000e+003,  1.9205285e-005,
  7.0000000e+003,  1.8921402e-005,
  7.2500000e+003,  2.0745976e-005,
  7.5000000e+003,  2.0508613e-005,
  7.7500000e+003,  2.0137196e-005,
  8.0000000e+003,  2.0717909e-005,
  8.2500000e+003,  2.0356474e-005,
  8.5000000e+003,  2.0802223e-005,
  8.7500000e+003,  2.1989517e-005,
  9.0000000e+003,  2.1693828e-005,
  9.2500000e+003,  1.9879867e-005,
  9.5000000e+003,  1.9960772e-005,
  9.7500000e+003,  2.1300946e-005,
  1.0000000e+004,  2.1000297e-005,
  1.0250000e+004,  2.0522499e-005,
  1.0500000e+004,  1.9839538e-005,
  1.0750000e+004,  1.9879867e-005,
  1.1000000e+004,  2.1157247e-005,
  1.1250000e+004,  2.1171573e-005,
  1.1500000e+004,  2.0397856e-005,
  1.1750000e+004,  2.1214609e-005,
  1.2000000e+004,  2.1664479e-005,
  1.2250000e+004,  2.1532897e-005,
  1.2500000e+004,  2.1959768e-005,
  1.2750000e+004,  2.1286533e-005,
  1.3000000e+004,  2.0619973e-005,
  1.3250000e+004,  1.9759124e-005,
  1.3500000e+004,  1.8528493e-005,
  1.3750000e+004,  1.9049916e-005,
  1.4000000e+004,  2.0178130e-005,
  1.4250000e+004,  1.8908599e-005,
  1.4500000e+004,  1.7671032e-005,
  1.4750000e+004,  2.0082745e-005,
  1.5000000e+004,  2.8095352e-005,
  1.5250000e+004,  8.3434490e-005,
  1.5500000e+004,  1.8671336e-004,
  1.5750000e+004,  1.9884516e-004,
  1.6000000e+004,  1.0043722e-004,
  1.6250000e+004,  3.0888080e-005,
  1.6500000e+004,  2.0384054e-005,
  1.6750000e+004,  2.0957693e-005,
  1.7000000e+004,  2.2638966e-005,
  1.7250000e+004,  2.1782115e-005,
  1.7500000e+004,  2.0731938e-005,
  1.7750000e+004,  2.1100037e-005,
  1.8000000e+004,  2.0647907e-005,
  1.8250000e+004,  2.0109953e-005,
  1.8500000e+004,  2.1679148e-005,
  1.8750000e+004,  2.2440624e-005,
  1.9000000e+004,  2.2108918e-005,
  1.9250000e+004,  2.0219146e-005,
  1.9500000e+004,  1.8666970e-005,
  1.9750000e+004,  1.9987813e-005,
  2.0000000e+004,  2.1214609e-005,
  2.0250000e+004,  2.1000297e-005,
  2.0500000e+004,  2.0717909e-005,
  2.0750000e+004,  2.1489215e-005,
  2.1000000e+004,  2.2319431e-005,
  2.1250000e+004,  2.1100037e-005,
  2.1500000e+004,  1.9960772e-005,
  2.1750000e+004,  2.1185908e-005,
  2.2000000e+004,  2.2259081e-005,
  2.2250000e+004,  2.0844511e-005,
  2.2500000e+004,  1.9480236e-005,
  2.2750000e+004,  2.0647907e-005,
  2.3000000e+004,  2.2364801e-005,
  2.3250000e+004,  2.2319431e-005,
  2.3500000e+004,  2.1547477e-005,
  2.3750000e+004,  2.2049135e-005,
  2.4000000e+004,  2.2870004e-005,
  2.4250000e+004,  2.0384054e-005,
  2.4500000e+004,  2.0150831e-005,
  2.4750000e+004,  2.3737492e-005,
  2.5000000e+004,  2.6097041e-005,
  2.5250000e+004,  2.2746492e-005,
  2.5500000e+004,  2.0858625e-005,
  2.5750000e+004,  2.5798454e-005,
  2.6000000e+004,  3.2496681e-005,
  2.6250000e+004,  3.1203303e-005,
  2.6500000e+004,  2.7661331e-005,
  2.6750000e+004,  3.5461881e-005,
  2.7000000e+004,  4.7346608e-005,
  2.7250000e+004,  3.6164878e-005,
  2.7500000e+004,  2.2593040e-005,
  2.7750000e+004,  3.8229004e-005,
  2.8000000e+004,  5.1527106e-005,
  2.8250000e+004,  3.7536661e-005,
  2.8500000e+004,  2.2746492e-005,
  2.8750000e+004,  2.9518524e-005,
  2.9000000e+004,  3.6042686e-005,
  2.9250000e+004,  2.8152463e-005,
  2.9500000e+004,  2.1085759e-005,
  2.9750000e+004,  2.3545458e-005,
  3.0000000e+004,  2.7270908e-005,
  3.0250000e+004,  2.3801850e-005,
  3.0500000e+004,  2.0536398e-005,
  3.0750000e+004,  2.6578383e-005,
  3.1000000e+004,  6.0863013e-005,
  3.1250000e+004,  9.8551538e-005,
  3.1500000e+004,  8.0059560e-005,
  3.1750000e+004,  3.5582104e-005,
  3.2000000e+004,  2.3291825e-005,
  3.2250000e+004,  2.0411668e-005,
  3.2500000e+004,  1.8291721e-005,
  3.2750000e+004,  1.9960772e-005,
  3.3000000e+004,  2.2440624e-005,
  3.3250000e+004,  2.1085759e-005,
  3.3500000e+004,  2.0578143e-005,
  3.3750000e+004,  2.1071492e-005,
  3.4000000e+004,  2.1042985e-005,
  3.4250000e+004,  2.0164476e-005,
  3.4500000e+004,  1.9586013e-005,
  3.4750000e+004,  2.0915178e-005,
  3.5000000e+004,  2.2516702e-005,
  3.5250000e+004,  2.0957693e-005,
  3.5500000e+004,  2.0301433e-005,
  3.5750000e+004,  2.0957693e-005,
  3.6000000e+004,  2.1171573e-005,
  3.6250000e+004,  1.9960772e-005,
  3.6500000e+004,  1.9852972e-005,
  3.6750000e+004,  2.2994184e-005,
  3.7000000e+004,  2.4240861e-005,
  3.7250000e+004,  2.1693828e-005,
  3.7500000e+004,  2.0397856e-005,
  3.7750000e+004,  2.5641764e-005,
  3.8000000e+004,  3.0103702e-005,
  3.8250000e+004,  2.6327700e-005,
  3.8500000e+004,  2.2870004e-005,
  3.8750000e+004,  2.9458642e-005,
  3.9000000e+004,  3.7182618e-005,
  3.9250000e+004,  2.8671719e-005,
  3.9500000e+004,  2.1185908e-005,
  3.9750000e+004,  2.7215586e-005,
  4.0000000e+004,  3.2961918e-005,
  4.0250000e+004,  2.7289374e-005,
  4.0500000e+004,  2.0191793e-005,
  4.0750000e+004,  2.0467009e-005,
  4.1000000e+004,  2.2839061e-005,
  4.1250000e+004,  2.0494735e-005,
  4.1500000e+004,  1.8553594e-005,
  4.1750000e+004,  2.0356474e-005,
  4.2000000e+004,  2.3817966e-005,
  4.2250000e+004,  2.2547208e-005,
  4.2500000e+004,  2.0550304e-005,
  4.2750000e+004,  2.0384054e-005,
  4.3000000e+004,  2.1387633e-005,
  4.3250000e+004,  2.0971884e-005,
  4.3500000e+004,  2.0001347e-005,
  4.3750000e+004,  2.0550304e-005,
  4.4000000e+004,  2.2471024e-005,
  4.4250000e+004,  2.1474674e-005,
  4.4500000e+004,  2.0096345e-005,
  4.4750000e+004,  2.0830406e-005,
  4.5000000e+004,  2.2978624e-005,
  4.5250000e+004,  2.1796864e-005,
  4.5500000e+004,  2.1445622e-005,
  4.5750000e+004,  2.1826393e-005,
  4.6000000e+004,  2.1620530e-005,
  4.6250000e+004,  2.1503766e-005,
  4.6500000e+004,  2.6203245e-005,
  4.6750000e+004,  5.0731102e-005,
  4.7000000e+004,  6.2406608e-005,
  4.7250000e+004,  4.0630360e-005,
  4.7500000e+004,  2.2792729e-005,
  4.7750000e+004,  2.1344245e-005,
  4.8000000e+004,  2.0971884e-005,
  4.8250000e+004,  2.0703890e-005,
  4.8500000e+004,  2.2168860e-005,
  4.8750000e+004,  2.2978624e-005,
  4.9000000e+004,  2.3009753e-005,
  4.9250000e+004,  2.2870004e-005,
  4.9500000e+004,  2.2079008e-005,
  4.9750000e+004,  2.1315369e-005,
  5.0000000e+004,  2.1752647e-005,
  5.0250000e+004,  2.0219146e-005,
  5.0500000e+004,  1.9244326e-005,
  5.0750000e+004,  2.3307597e-005,
  5.1000000e+004,  2.7141995e-005,
  5.1250000e+004,  2.3450023e-005,
  5.1500000e+004,  2.1100037e-005,
  5.1750000e+004,  2.1796864e-005,
  5.2000000e+004,  2.2947537e-005,
  5.2250000e+004,  2.1503766e-005,
  5.2500000e+004,  2.0774081e-005,
  5.2750000e+004,  2.1796864e-005,
  5.3000000e+004,  2.4538022e-005,
  5.3250000e+004,  2.2425439e-005,
  5.3500000e+004,  2.0219146e-005,
  5.3750000e+004,  2.0689881e-005,
  5.4000000e+004,  2.2168860e-005,
  5.4250000e+004,  2.2364801e-005,
  5.4500000e+004,  2.0564219e-005,
  5.4750000e+004,  2.0844511e-005,
  5.5000000e+004,  2.1974637e-005,
  5.5250000e+004,  2.1708517e-005,
  5.5500000e+004,  2.0606020e-005,
  5.5750000e+004,  2.1028746e-005,
  5.6000000e+004,  2.3276064e-005,
  5.6250000e+004,  2.4077328e-005,
  5.6500000e+004,  2.3609295e-005,
  5.6750000e+004,  2.4077328e-005,
  5.7000000e+004,  2.3465901e-005,
  5.7250000e+004,  2.0986086e-005,
  5.7500000e+004,  2.0986086e-005,
  5.7750000e+004,  2.1402115e-005,
  5.8000000e+004,  2.0858625e-005,
  5.8250000e+004,  2.0205465e-005,
  5.8500000e+004,  2.0453159e-005,
  5.8750000e+004,  2.2228968e-005,
  5.9000000e+004,  2.3545458e-005,
  5.9250000e+004,  2.1737925e-005,
  5.9500000e+004,  2.0342700e-005,
  5.9750000e+004,  2.1228974e-005,
  6.0000000e+004,  2.2274154e-005,
  6.0250000e+004,  2.2153860e-005,
  6.0500000e+004,  2.1811623e-005,
  6.0750000e+004,  2.2792729e-005,
  6.1000000e+004,  2.3769649e-005,
  6.1250000e+004,  2.2792729e-005,
  6.1500000e+004,  2.2004406e-005,
  6.1750000e+004,  2.1286533e-005,
  6.2000000e+004,  2.0082745e-005,
  6.2250000e+004,  2.5868402e-005,
  6.2500000e+004,  4.0934019e-005,
  6.2750000e+004,  3.8881434e-005,
  6.3000000e+004,  2.6185515e-005,
  6.3250000e+004,  2.2455819e-005,
  6.3500000e+004,  2.2577752e-005,
  6.3750000e+004,  2.2792729e-005,
  6.4000000e+004,  2.2777306e-005,
  6.4250000e+004,  2.2440624e-005,
  6.4500000e+004,  2.1841172e-005,
  6.4750000e+004,  2.2577752e-005,
  6.5000000e+004,  2.2761894e-005,
  6.5250000e+004,  2.0957693e-005,
  6.5500000e+004,  2.8671719e-005,
  6.5750000e+004,  7.4465974e-005,
  6.6000000e+004,  1.0768969e-004,
  6.6250000e+004,  7.3963622e-005,
  6.6500000e+004,  3.2408813e-005,
  6.6750000e+004,  1.0438815e-004,
  6.7000000e+004,  1.5147370e-004,
  6.7250000e+004,  1.0235900e-004,
  6.7500000e+004,  3.1161089e-005,
  6.7750000e+004,  4.9947406e-005,
  6.8000000e+004,  7.1502212e-005,
  6.8250000e+004,  5.0972054e-005,
  6.8500000e+004,  2.4554637e-005,
  6.8750000e+004,  2.0886882e-005,
  6.9000000e+004,  2.2932010e-005,
  6.9250000e+004,  2.1841172e-005,
  6.9500000e+004,  2.1057233e-005,
  6.9750000e+004,  2.1286533e-005,
  7.0000000e+004,  2.1329803e-005,
  7.0250000e+004,  2.0957693e-005,
  7.0500000e+004,  2.1329803e-005,
  7.0750000e+004,  2.4704684e-005,
  7.1000000e+004,  2.7680061e-005,
  7.1250000e+004,  2.4142608e-005,
  7.1500000e+004,  2.1635170e-005,
  7.1750000e+004,  2.2289236e-005,
  7.2000000e+004,  2.3228846e-005,
  7.2250000e+004,  2.2079008e-005,
  7.2500000e+004,  2.0886882e-005,
  7.2750000e+004,  2.2516702e-005,
  7.3000000e+004,  2.3276064e-005,
  7.3250000e+004,  2.3040927e-005,
  7.3500000e+004,  2.3914899e-005,
  7.3750000e+004,  2.9023199e-005,
  7.4000000e+004,  2.9719013e-005,
  7.4250000e+004,  2.2531948e-005,
  7.4500000e+004,  2.0633935e-005,
  7.4750000e+004,  2.3197421e-005,
  7.5000000e+004,  2.5024467e-005,
  7.5250000e+004,  2.2963076e-005,
  7.5500000e+004,  1.9826113e-005,
  7.5750000e+004,  2.0494735e-005,
  7.6000000e+004,  2.2228968e-005,
  7.6250000e+004,  2.1157247e-005,
  7.6500000e+004,  2.1431110e-005,
  7.6750000e+004,  2.3561401e-005,
  7.7000000e+004,  2.4438567e-005,
  7.7250000e+004,  2.1989517e-005,
  7.7500000e+004,  2.2319431e-005,
  7.7750000e+004,  2.3119040e-005,
  7.8000000e+004,  2.6867804e-005,
  7.8250000e+004,  3.1118929e-005,
  7.8500000e+004,  2.7123629e-005,
  7.8750000e+004,  2.8671719e-005,
  7.9000000e+004,  3.4073540e-005,
  7.9250000e+004,  2.8459024e-005,
  7.9500000e+004,  2.1576668e-005,
  7.9750000e+004,  2.1989517e-005,
  8.0000000e+004,  2.3641279e-005,
  8.0250000e+004,  2.3181721e-005,
  8.0500000e+004,  2.2153860e-005,
  8.0750000e+004,  2.1693828e-005,
  8.1000000e+004,  2.2870004e-005,
  8.1250000e+004,  2.2259081e-005,
  8.1500000e+004,  2.2108918e-005,
  8.1750000e+004,  2.4455115e-005,
  8.2000000e+004,  2.6506517e-005,
  8.2250000e+004,  2.3276064e-005,
  8.2500000e+004,  2.1974637e-005,
  8.2750000e+004,  2.5177384e-005,
  8.3000000e+004,  2.7511943e-005,
  8.3250000e+004,  2.5007534e-005,
  8.3500000e+004,  2.3705378e-005,
  8.3750000e+004,  2.4339512e-005,
  8.4000000e+004,  2.5486029e-005,
  8.4250000e+004,  2.3291825e-005,
  8.4500000e+004,  2.1605900e-005,
  8.4750000e+004,  2.3150360e-005,
  8.5000000e+004,  2.4990612e-005,
  8.5250000e+004,  2.3009753e-005,
  8.5500000e+004,  2.0774081e-005,
  8.5750000e+004,  2.1900391e-005,
  8.6000000e+004,  2.3689335e-005,
  8.6250000e+004,  2.2004406e-005,
  8.6500000e+004,  2.0397856e-005,
  8.6750000e+004,  2.2761894e-005,
  8.7000000e+004,  2.6044100e-005,
  8.7250000e+004,  2.2425439e-005,
  8.7500000e+004,  2.0246539e-005,
  8.7750000e+004,  2.2684985e-005,
  8.8000000e+004,  2.2932010e-005,
  8.8250000e+004,  2.1915220e-005,
  8.8500000e+004,  2.2004406e-005,
  8.8750000e+004,  2.2198893e-005,
  8.9000000e+004,  2.2916492e-005,
  8.9250000e+004,  2.2410265e-005,
  8.9500000e+004,  2.2777306e-005,
  8.9750000e+004,  2.3882545e-005,
  9.0000000e+004,  2.5177384e-005,
  9.0250000e+004,  2.2978624e-005,
  9.0500000e+004,  2.2715719e-005,
  9.0750000e+004,  2.7943620e-005,
  9.1000000e+004,  3.2984241e-005,
  9.1250000e+004,  2.6345527e-005,
  9.1500000e+004,  2.1737925e-005,
  9.1750000e+004,  2.7474723e-005,
  9.2000000e+004,  3.4561352e-005,
  9.2250000e+004,  2.7736327e-005,
  9.2500000e+004,  2.5659129e-005,
  9.2750000e+004,  7.5532070e-005,
  9.3000000e+004,  1.1238141e-004,
  9.3250000e+004,  1.5943683e-002,
  9.3500000e+004,  1.9432592e-001,
  9.3750000e+004,  6.7339215e-001,
  9.4000000e+004,  9.9179390e-001,
  9.4250000e+004,  6.6704076e-001,
  9.4500000e+004,  1.8671795e-001,
  9.4750000e+004,  6.7066267e-001,
  9.5000000e+004,  9.9717916e-001,
  9.5250000e+004,  6.7750722e-001,
  9.5500000e+004,  1.9564571e-001,
  9.5750000e+004,  1.6139126e-002,
  9.6000000e+004,  1.3574174e-004,
  9.6250000e+004,  9.4245602e-005,
  9.6500000e+004,  3.6385871e-005,
  9.6750000e+004,  3.1076829e-005,
  9.7000000e+004,  3.8384581e-005,
  9.7250000e+004,  3.1309088e-005,
  9.7500000e+004,  2.3882545e-005,
  9.7750000e+004,  2.5211492e-005,
  9.8000000e+004,  2.9638656e-005,
  9.8250000e+004,  2.6097041e-005,
  9.8500000e+004,  2.3866382e-005,
  9.8750000e+004,  2.4240861e-005,
  9.9000000e+004,  2.5537835e-005,
  9.9250000e+004,  2.2638966e-005,
  9.9500000e+004,  2.0844511e-005,
  9.9750000e+004,  2.3040927e-005,
