  2.5000000e+004,  1.4197677e-003,
  2.5125000e+004,  1.4245808e-003,
  2.5250000e+004,  1.4274768e-003,
  2.5375000e+004,  1.4303786e-003,
  2.5500000e+004,  1.4323167e-003,
  2.5625000e+004,  1.4371723e-003,
  2.5750000e+004,  1.4400939e-003,
  2.5875000e+004,  1.4430214e-003,
  2.6000000e+004,  1.4449759e-003,
  2.6125000e+004,  1.4508567e-003,
  2.6250000e+004,  1.4557752e-003,
  2.6375000e+004,  1.4587346e-003,
  2.6500000e+004,  1.4626896e-003,
  2.6625000e+004,  1.4656630e-003,
  2.6750000e+004,  1.4686425e-003,
  2.6875000e+004,  1.4736213e-003,
  2.7000000e+004,  1.4786170e-003,
  2.7125000e+004,  1.4826265e-003,
  2.7250000e+004,  1.4856398e-003,
  2.7375000e+004,  1.4906769e-003,
  2.7500000e+004,  1.4957304e-003,
  2.7625000e+004,  1.4997857e-003,
  2.7750000e+004,  1.5038520e-003,
  2.7875000e+004,  1.5079293e-003,
  2.8000000e+004,  1.5130419e-003,
  2.8125000e+004,  1.5191991e-003,
  2.8250000e+004,  1.5233186e-003,
  2.8375000e+004,  1.5295176e-003,
  2.8500000e+004,  1.5347035e-003,
  2.8625000e+004,  1.5388644e-003,
  2.8750000e+004,  1.5430366e-003,
  2.8875000e+004,  1.5514150e-003,
  2.9000000e+004,  1.5545688e-003,
  2.9125000e+004,  1.5619524e-003,
  2.9250000e+004,  1.5672475e-003,
  2.9375000e+004,  1.5725606e-003,
  2.9500000e+004,  1.5789607e-003,
  2.9625000e+004,  1.5853868e-003,
  2.9750000e+004,  1.5907614e-003,
  2.9875000e+004,  1.5972355e-003,
  3.0000000e+004,  1.6026502e-003,
  3.0125000e+004,  1.6102622e-003,
  3.0250000e+004,  1.6168157e-003,
  3.0375000e+004,  1.6244949e-003,
  3.0500000e+004,  1.6277965e-003,
  3.0625000e+004,  1.6355279e-003,
  3.0750000e+004,  1.6421842e-003,
  3.0875000e+004,  1.6511010e-003,
  3.1000000e+004,  1.6566983e-003,
  3.1125000e+004,  1.6656946e-003,
  3.1250000e+004,  1.6724730e-003,
  3.1375000e+004,  1.6815542e-003,
  3.1500000e+004,  1.6895409e-003,
  3.1625000e+004,  1.6964170e-003,
  3.1750000e+004,  1.7044743e-003,
  3.1875000e+004,  1.7125699e-003,
  3.2000000e+004,  1.7207039e-003,
  3.2125000e+004,  1.7300470e-003,
  3.2250000e+004,  1.7382640e-003,
  3.2375000e+004,  1.7488857e-003,
  3.2500000e+004,  1.7571922e-003,
  3.2625000e+004,  1.7667334e-003,
  3.2750000e+004,  1.7751247e-003,
  3.2875000e+004,  1.7847641e-003,
  3.3000000e+004,  1.7944550e-003,
  3.3125000e+004,  1.8054200e-003,
  3.3250000e+004,  1.8152231e-003,
  3.3375000e+004,  1.8263159e-003,
  3.3500000e+004,  1.8349901e-003,
  3.3625000e+004,  1.8462028e-003,
  3.3750000e+004,  1.8562274e-003,
  3.3875000e+004,  1.8675707e-003,
  3.4000000e+004,  1.8789825e-003,
  3.4125000e+004,  1.8904648e-003,
  3.4250000e+004,  1.9007297e-003,
  3.4375000e+004,  1.9136396e-003,
  3.4500000e+004,  1.9266364e-003,
  3.4625000e+004,  1.9384100e-003,
  3.4750000e+004,  1.9515759e-003,
  3.4875000e+004,  1.9635010e-003,
  3.5000000e+004,  1.9781756e-003,
  3.5125000e+004,  1.9902641e-003,
  3.5250000e+004,  2.0064963e-003,
  3.5375000e+004,  2.0160263e-003,
  3.5500000e+004,  2.0324686e-003,
  3.5625000e+004,  2.0462733e-003,
  3.5750000e+004,  2.0601717e-003,
  3.5875000e+004,  2.0755689e-003,
  3.6000000e+004,  2.0910810e-003,
  3.6125000e+004,  2.1067092e-003,
  3.6250000e+004,  2.1238910e-003,
  3.6375000e+004,  2.1397643e-003,
  3.6500000e+004,  2.1572158e-003,
  3.6625000e+004,  2.1748095e-003,
  3.6750000e+004,  2.1910634e-003,
  3.6875000e+004,  2.2104297e-003,
  3.7000000e+004,  2.2284574e-003,
  3.7125000e+004,  2.2451123e-003,
  3.7250000e+004,  2.2649562e-003,
  3.7375000e+004,  2.2834287e-003,
  3.7500000e+004,  2.3036114e-003,
  3.7625000e+004,  2.3239714e-003,
  3.7750000e+004,  2.3460996e-003,
  3.7875000e+004,  2.3668362e-003,
  3.8000000e+004,  2.3877550e-003,
  3.8125000e+004,  2.4088598e-003,
  3.8250000e+004,  2.4334427e-003,
  3.8375000e+004,  2.4582765e-003,
  3.8500000e+004,  2.4783256e-003,
  3.8625000e+004,  2.5053135e-003,
  3.8750000e+004,  2.5291673e-003,
  3.8875000e+004,  2.5549791e-003,
  3.9000000e+004,  2.5810532e-003,
  3.9125000e+004,  2.6091586e-003,
  3.9250000e+004,  2.6357855e-003,
  3.9375000e+004,  2.6644869e-003,
  3.9500000e+004,  2.6935020e-003,
  3.9625000e+004,  2.7228319e-003,
  3.9750000e+004,  2.7543458e-003,
  3.9875000e+004,  2.7843382e-003,
  4.0000000e+004,  2.8165640e-003,
  4.0125000e+004,  2.8491627e-003,
  4.0250000e+004,  2.8840888e-003,
  4.0375000e+004,  2.9174690e-003,
  4.0500000e+004,  2.9552331e-003,
  4.0625000e+004,  2.9914606e-003,
  4.0750000e+004,  3.0301824e-003,
  4.0875000e+004,  3.0673288e-003,
  4.1000000e+004,  3.1070340e-003,
  4.1125000e+004,  3.1493824e-003,
  4.1250000e+004,  3.1901484e-003,
  4.1375000e+004,  3.2336311e-003,
  4.1500000e+004,  3.2799241e-003,
  4.1625000e+004,  3.3268814e-003,
  4.1750000e+004,  3.3745109e-003,
  4.1875000e+004,  3.4251395e-003,
  4.2000000e+004,  3.4765278e-003,
  4.2125000e+004,  3.5310760e-003,
  4.2250000e+004,  3.5840537e-003,
  4.2375000e+004,  3.6402906e-003,
  4.2500000e+004,  3.6974083e-003,
  4.2625000e+004,  3.7605105e-003,
  4.2750000e+004,  3.8221004e-003,
  4.2875000e+004,  3.8847007e-003,
  4.3000000e+004,  3.9536743e-003,
  4.3125000e+004,  4.0211501e-003,
  4.3250000e+004,  4.0925463e-003,
  4.3375000e+004,  4.1680300e-003,
  4.3500000e+004,  4.2477817e-003,
  4.3625000e+004,  4.3319902e-003,
  4.3750000e+004,  4.4148792e-003,
  4.3875000e+004,  4.5023983e-003,
  4.4000000e+004,  4.5916543e-003,
  4.4125000e+004,  4.6890244e-003,
  4.4250000e+004,  4.7884573e-003,
  4.4375000e+004,  4.8933114e-003,
  4.4500000e+004,  5.0038468e-003,
  4.4625000e+004,  5.1168792e-003,
  4.4750000e+004,  5.2395544e-003,
  4.4875000e+004,  5.3651684e-003,
  4.5000000e+004,  5.4937963e-003,
  4.5125000e+004,  5.6331276e-003,
  4.5250000e+004,  5.7799030e-003,
  4.5375000e+004,  5.9345203e-003,
  4.5500000e+004,  6.0973990e-003,
  4.5625000e+004,  6.2689894e-003,
  4.5750000e+004,  6.4497750e-003,
  4.5875000e+004,  6.6447621e-003,
  4.6000000e+004,  6.8502786e-003,
  4.6125000e+004,  7.0717202e-003,
  4.6250000e+004,  7.3052625e-003,
  4.6375000e+004,  7.5516265e-003,
  4.6500000e+004,  7.8221715e-003,
  4.6625000e+004,  8.1078908e-003,
  4.6750000e+004,  8.4154333e-003,
  4.6875000e+004,  8.7523976e-003,
  4.7000000e+004,  9.1090170e-003,
  4.7125000e+004,  9.4994387e-003,
  4.7250000e+004,  9.9334577e-003,
  4.7375000e+004,  1.0401371e-002,
  4.7500000e+004,  1.0913467e-002,
  4.7625000e+004,  1.1481825e-002,
  4.7750000e+004,  1.2112528e-002,
  4.7875000e+004,  1.2821205e-002,
  4.8000000e+004,  1.3608135e-002,
  4.8125000e+004,  1.4511958e-002,
  4.8250000e+004,  1.5528288e-002,
  4.8375000e+004,  1.6694707e-002,
  4.8500000e+004,  1.8070661e-002,
  4.8625000e+004,  1.9679531e-002,
  4.8750000e+004,  2.1606443e-002,
  4.8875000e+004,  2.3947883e-002,
  4.9000000e+004,  2.6850290e-002,
  4.9125000e+004,  3.0576798e-002,
  4.9250000e+004,  3.5486762e-002,
  4.9375000e+004,  4.2258307e-002,
  4.9500000e+004,  5.2230722e-002,
  4.9625000e+004,  6.8333555e-002,
  4.9750000e+004,  9.8821208e-002,
  4.9875000e+004,  1.7795654e-001,
  5.0000000e+004,  8.9603596e-001,
  5.0125000e+004,  2.9546153e-001,
  5.0250000e+004,  1.2694644e-001,
  5.0375000e+004,  8.0878573e-002,
  5.0500000e+004,  5.9318937e-002,
  5.0625000e+004,  4.6869470e-002,
  5.0750000e+004,  3.8724822e-002,
  5.0875000e+004,  3.3007387e-002,
  5.1000000e+004,  2.8769638e-002,
  5.1125000e+004,  2.5486661e-002,
  5.1250000e+004,  2.2886062e-002,
  5.1375000e+004,  2.0774603e-002,
  5.1500000e+004,  1.9011739e-002,
  5.1625000e+004,  1.7540386e-002,
  5.1750000e+004,  1.6270760e-002,
  5.1875000e+004,  1.5174986e-002,
  5.2000000e+004,  1.4220236e-002,
  5.2125000e+004,  1.3379787e-002,
  5.2250000e+004,  1.2631689e-002,
  5.2375000e+004,  1.1965846e-002,
  5.2500000e+004,  1.1365829e-002,
  5.2625000e+004,  1.0832508e-002,
  5.2750000e+004,  1.0338195e-002,
  5.2875000e+004,  9.8864966e-003,
  5.3000000e+004,  9.4737531e-003,
  5.3125000e+004,  9.1028543e-003,
  5.3250000e+004,  8.7583230e-003,
  5.3375000e+004,  8.4325406e-003,
  5.3500000e+004,  8.1353808e-003,
  5.3625000e+004,  7.8593236e-003,
  5.3750000e+004,  7.6029179e-003,
  5.3875000e+004,  7.3598599e-003,
  5.4000000e+004,  7.1342254e-003,
  5.4125000e+004,  6.9201871e-003,
  5.4250000e+004,  6.7171177e-003,
  5.4375000e+004,  6.5288414e-003,
  5.4500000e+004,  6.3544377e-003,
  5.4625000e+004,  6.1846928e-003,
  5.4750000e+004,  6.0276355e-003,
  5.4875000e+004,  5.8785463e-003,
  5.5000000e+004,  5.7331447e-003,
  5.5125000e+004,  5.5989154e-003,
  5.5250000e+004,  5.4678263e-003,
  5.5375000e+004,  5.3470415e-003,
  5.5500000e+004,  5.2289248e-003,
  5.5625000e+004,  5.1134174e-003,
  5.5750000e+004,  5.0072345e-003,
  5.5875000e+004,  4.9032587e-003,
  5.6000000e+004,  4.8046926e-003,
  5.6125000e+004,  4.7112954e-003,
  5.6250000e+004,  4.6197137e-003,
  5.6375000e+004,  4.5329790e-003,
  5.6500000e+004,  4.4508859e-003,
  5.6625000e+004,  4.3702777e-003,
  5.6750000e+004,  4.2940363e-003,
  5.6875000e+004,  4.2191250e-003,
  5.7000000e+004,  4.1483272e-003,
  5.7125000e+004,  4.0787191e-003,
  5.7250000e+004,  4.0102773e-003,
  5.7375000e+004,  3.9483246e-003,
  5.7500000e+004,  3.8873307e-003,
  5.7625000e+004,  3.8272791e-003,
  5.7750000e+004,  3.7681551e-003,
  5.7875000e+004,  3.7124561e-003,
  5.8000000e+004,  3.6551044e-003,
  5.8125000e+004,  3.6035144e-003,
  5.8250000e+004,  3.5526542e-003,
  5.8375000e+004,  3.5025103e-003,
  5.8500000e+004,  3.4554135e-003,
  5.8625000e+004,  3.4066421e-003,
  5.8750000e+004,  3.3631097e-003,
  5.8875000e+004,  3.3178858e-003,
  5.9000000e+004,  3.2754876e-003,
  5.9125000e+004,  3.2358203e-003,
  5.9250000e+004,  3.1966335e-003,
  5.9375000e+004,  3.1557847e-003,
  5.9500000e+004,  3.1196777e-003,
  5.9625000e+004,  3.0818973e-003,
  5.9750000e+004,  3.0445745e-003,
  5.9875000e+004,  3.0097413e-003,
  6.0000000e+004,  2.9753053e-003,
  6.0125000e+004,  2.9412633e-003,
  6.0250000e+004,  2.9095805e-003,
  6.0375000e+004,  2.8762905e-003,
  6.0500000e+004,  2.8472339e-003,
  6.0625000e+004,  2.8165640e-003,
  6.0750000e+004,  2.7881107e-003,
  6.0875000e+004,  2.7580765e-003,
  6.1000000e+004,  2.7302141e-003,
  6.1125000e+004,  2.7044641e-003,
  6.1250000e+004,  2.6771422e-003,
  6.1375000e+004,  2.6500974e-003,
  6.1500000e+004,  2.6233258e-003,
  6.1625000e+004,  2.6003432e-003,
  6.1750000e+004,  2.5758169e-003,
  6.1875000e+004,  2.5532494e-003,
  6.2000000e+004,  2.5274562e-003,
  6.2125000e+004,  2.5053135e-003,
  6.2250000e+004,  2.4833637e-003,
  6.2375000e+004,  2.4616061e-003,
  6.2500000e+004,  2.4383895e-003,
  6.2625000e+004,  2.4186624e-003,
  6.2750000e+004,  2.3974728e-003,
  6.2875000e+004,  2.3780777e-003,
  6.3000000e+004,  2.3572426e-003,
  6.3125000e+004,  2.3397560e-003,
  6.3250000e+004,  2.3176876e-003,
  6.3375000e+004,  2.3004944e-003,
  6.3500000e+004,  2.2834287e-003,
  6.3625000e+004,  2.2649562e-003,
  6.3750000e+004,  2.2481542e-003,
  6.3875000e+004,  2.2314768e-003,
  6.4000000e+004,  2.2134246e-003,
  6.4125000e+004,  2.1984922e-003,
  6.4250000e+004,  2.1807069e-003,
  6.4375000e+004,  2.1645298e-003,
  6.4500000e+004,  2.1499273e-003,
  6.4625000e+004,  2.1339786e-003,
  6.4750000e+004,  2.1195822e-003,
  6.4875000e+004,  2.1052829e-003,
  6.5000000e+004,  2.0896654e-003,
  6.5125000e+004,  2.0769740e-003,
  6.5250000e+004,  2.0629622e-003,
  6.5375000e+004,  2.0490449e-003,
  6.5500000e+004,  2.0366002e-003,
  6.5625000e+004,  2.0228608e-003,
  6.5750000e+004,  2.0092140e-003,
  6.5875000e+004,  1.9970113e-003,
  6.6000000e+004,  1.9875711e-003,
  6.6125000e+004,  1.9728268e-003,
  6.6250000e+004,  1.9608450e-003,
  6.6375000e+004,  1.9489352e-003,
  6.6500000e+004,  1.9384100e-003,
  6.6625000e+004,  1.9279416e-003,
  6.6750000e+004,  1.9149352e-003,
  6.6875000e+004,  1.9045936e-003,
  6.7000000e+004,  1.8943079e-003,
  6.7125000e+004,  1.8828022e-003,
  6.7250000e+004,  1.8726341e-003,
  6.7375000e+004,  1.8612609e-003,
  6.7500000e+004,  1.8537165e-003,
  6.7625000e+004,  1.8424574e-003,
  6.7750000e+004,  1.8325072e-003,
  6.7875000e+004,  1.8238447e-003,
  6.8000000e+004,  1.8152231e-003,
  6.8125000e+004,  1.8054200e-003,
  6.8250000e+004,  1.7956699e-003,
  6.8375000e+004,  1.7871815e-003,
  6.8500000e+004,  1.7775298e-003,
  6.8625000e+004,  1.7679303e-003,
  6.8750000e+004,  1.7619563e-003,
  6.8875000e+004,  1.7524409e-003,
  6.9000000e+004,  1.7453384e-003,
  6.9125000e+004,  1.7359120e-003,
  6.9250000e+004,  1.7288765e-003,
  6.9375000e+004,  1.7218688e-003,
  6.9500000e+004,  1.7137293e-003,
  6.9625000e+004,  1.7067830e-003,
  6.9750000e+004,  1.6975655e-003,
  6.9875000e+004,  1.6906855e-003,
  7.0000000e+004,  1.6838326e-003,
  7.0125000e+004,  1.6770074e-003,
  7.0250000e+004,  1.6690800e-003,
  7.0375000e+004,  1.6623154e-003,
  7.0500000e+004,  1.6566983e-003,
  7.0625000e+004,  1.6488676e-003,
  7.0750000e+004,  1.6432960e-003,
  7.0875000e+004,  1.6388527e-003,
  7.1000000e+004,  1.6311056e-003,
  7.1125000e+004,  1.6266952e-003,
  7.1250000e+004,  1.6201017e-003,
  7.1375000e+004,  1.6135356e-003,
  7.1500000e+004,  1.6091727e-003,
  7.1625000e+004,  1.6026502e-003,
  7.1750000e+004,  1.5972355e-003,
  7.1875000e+004,  1.5907614e-003,
  7.2000000e+004,  1.5843135e-003,
  7.2125000e+004,  1.5811000e-003,
  7.2250000e+004,  1.5768242e-003,
  7.2375000e+004,  1.5714967e-003,
  7.2500000e+004,  1.5661872e-003,
  7.2625000e+004,  1.5619524e-003,
  7.2750000e+004,  1.5566745e-003,
  7.2875000e+004,  1.5524654e-003,
  7.3000000e+004,  1.5472202e-003,
  7.3125000e+004,  1.5430366e-003,
  7.3250000e+004,  1.5388644e-003,
  7.3375000e+004,  1.5336645e-003,
  7.3500000e+004,  1.5295176e-003,
  7.3625000e+004,  1.5253819e-003,
  7.3750000e+004,  1.5202282e-003,
  7.3875000e+004,  1.5161177e-003,
  7.4000000e+004,  1.5140663e-003,
  7.4125000e+004,  1.5089508e-003,
  7.4250000e+004,  1.5048707e-003,
  7.4375000e+004,  1.5008017e-003,
  7.4500000e+004,  1.4977570e-003,
  7.4625000e+004,  1.4937072e-003,
  7.4750000e+004,  1.4916861e-003,
  7.4875000e+004,  1.4866463e-003,
