  0.0000000e+000,  2.7774597e-002,
  2.5000000e+002,  1.0732582e-004,
  5.0000000e+002,  4.5523790e-005,
  7.5000000e+002,  4.4578474e-005,
  1.0000000e+003,  3.1585817e-005,
  1.2500000e+003,  2.5555127e-005,
  1.5000000e+003,  2.1767376e-005,
  1.7500000e+003,  2.3418298e-005,
  2.0000000e+003,  2.2978624e-005,
  2.2500000e+003,  1.8781038e-005,
  2.5000000e+003,  1.8641716e-005,
  2.7500000e+003,  1.9401281e-005,
  3.0000000e+003,  2.0055575e-005,
  3.2500000e+003,  1.6819061e-005,
  3.5000000e+003,  1.8341316e-005,
  3.7500000e+003,  1.6990703e-005,
  4.0000000e+003,  1.9062815e-005,
  4.2500000e+003,  1.8857472e-005,
  4.5000000e+003,  1.7803100e-005,
  4.7500000e+003,  1.7815155e-005,
  5.0000000e+003,  1.6514462e-005,
  5.2500000e+003,  1.7671032e-005,
  5.5000000e+003,  1.6898943e-005,
  5.7500000e+003,  1.8192937e-005,
  6.0000000e+003,  5.8638770e-005,
  6.2500000e+003,  3.9048798e-004,
  6.5000000e+003,  1.8082440e-005,
  6.7500000e+003,  1.7164099e-005,
  7.0000000e+003,  1.8156028e-005,
  7.2500000e+003,  1.7339262e-005,
  7.5000000e+003,  1.7694971e-005,
  7.7500000e+003,  1.6314468e-005,
  8.0000000e+003,  1.7082961e-005,
  8.2500000e+003,  1.8168324e-005,
  8.5000000e+003,  1.8045758e-005,
  8.7500000e+003,  1.7863456e-005,
  9.0000000e+003,  1.7694971e-005,
  9.2500000e+003,  1.8009148e-005,
  9.5000000e+003,  1.7106104e-005,
  9.7500000e+003,  1.7445217e-005,
  1.0000000e+004,  2.0205465e-005,
  1.0250000e+004,  1.8819215e-005,
  1.0500000e+004,  1.8168324e-005,
  1.0750000e+004,  1.8742939e-005,
  1.1000000e+004,  1.7315804e-005,
  1.1250000e+004,  1.8440908e-005,
  1.1500000e+004,  1.8453395e-005,
  1.1750000e+004,  1.8566159e-005,
  1.2000000e+004,  1.9231302e-005,
  1.2250000e+004,  1.9153356e-005,
  1.2500000e+004,  7.2821013e-005,
  1.2750000e+004,  1.8616496e-005,
  1.3000000e+004,  1.9427564e-005,
  1.3250000e+004,  1.7659074e-005,
  1.3500000e+004,  1.8403497e-005,
  1.3750000e+004,  1.8985551e-005,
  1.4000000e+004,  2.2501466e-005,
  1.4250000e+004,  2.0028443e-005,
  1.4500000e+004,  2.0287695e-005,
  1.4750000e+004,  2.2638966e-005,
  1.5000000e+004,  2.4044755e-005,
  1.5250000e+004,  3.0555356e-005,
  1.5500000e+004,  7.1696071e-005,
  1.5750000e+004,  1.0502604e-004,
  1.6000000e+004,  3.5872307e-005,
  1.6250000e+004,  2.6885997e-005,
  1.6500000e+004,  2.2638966e-005,
  1.6750000e+004,  2.0592077e-005,
  1.7000000e+004,  1.9974288e-005,
  1.7250000e+004,  2.1708517e-005,
  1.7500000e+004,  2.0356474e-005,
  1.7750000e+004,  2.0273967e-005,
  1.8000000e+004,  2.3228846e-005,
  1.8250000e+004,  1.9586013e-005,
  1.8500000e+004,  1.9625826e-005,
  1.8750000e+004,  3.7308678e-005,
  1.9000000e+004,  1.9679038e-005,
  1.9250000e+004,  1.9639115e-005,
  1.9500000e+004,  2.0929340e-005,
  1.9750000e+004,  1.9839538e-005,
  2.0000000e+004,  2.0619973e-005,
  2.0250000e+004,  1.9665722e-005,
  2.0500000e+004,  1.8793755e-005,
  2.0750000e+004,  2.0055575e-005,
  2.1000000e+004,  2.0802223e-005,
  2.1250000e+004,  1.9467055e-005,
  2.1500000e+004,  2.0633935e-005,
  2.1750000e+004,  2.0703890e-005,
  2.2000000e+004,  2.1128624e-005,
  2.2250000e+004,  1.9732393e-005,
  2.2500000e+004,  2.0731938e-005,
  2.2750000e+004,  2.0802223e-005,
  2.3000000e+004,  2.1402115e-005,
  2.3250000e+004,  2.0123570e-005,
  2.3500000e+004,  2.0096345e-005,
  2.3750000e+004,  2.1474674e-005,
  2.4000000e+004,  2.3244575e-005,
  2.4250000e+004,  2.1114324e-005,
  2.4500000e+004,  2.1841172e-005,
  2.4750000e+004,  2.2808163e-005,
  2.5000000e+004,  2.0260249e-005,
  2.5250000e+004,  2.1315369e-005,
  2.5500000e+004,  2.2304328e-005,
  2.5750000e+004,  2.2349667e-005,
  2.6000000e+004,  2.4257275e-005,
  2.6250000e+004,  2.5711288e-005,
  2.6500000e+004,  2.4721412e-005,
  2.6750000e+004,  2.2608338e-005,
  2.7000000e+004,  2.2623647e-005,
  2.7250000e+004,  2.3465901e-005,
  2.7500000e+004,  2.4093632e-005,
  2.7750000e+004,  2.2932010e-005,
  2.8000000e+004,  2.2839061e-005,
  2.8250000e+004,  2.2501466e-005,
  2.8500000e+004,  2.4077328e-005,
  2.8750000e+004,  2.2932010e-005,
  2.9000000e+004,  2.3087763e-005,
  2.9250000e+004,  2.4388990e-005,
  2.9500000e+004,  2.5245646e-005,
  2.9750000e+004,  2.6220991e-005,
  3.0000000e+004,  2.8152463e-005,
  3.0250000e+004,  2.4471674e-005,
  3.0500000e+004,  2.5331236e-005,
  3.0750000e+004,  2.6614391e-005,
  3.1000000e+004,  2.6114712e-005,
  3.1250000e+004,  6.5701093e-005,
  3.1500000e+004,  2.9003560e-005,
  3.1750000e+004,  2.5833406e-005,
  3.2000000e+004,  2.6578383e-005,
  3.2250000e+004,  2.6632413e-005,
  3.2500000e+004,  2.6203245e-005,
  3.2750000e+004,  2.6578383e-005,
  3.3000000e+004,  2.7141995e-005,
  3.3250000e+004,  2.7736327e-005,
  3.3500000e+004,  2.7381893e-005,
  3.3750000e+004,  2.8536184e-005,
  3.4000000e+004,  2.8730001e-005,
  3.4250000e+004,  2.9180790e-005,
  3.4500000e+004,  2.8362869e-005,
  3.4750000e+004,  2.9638656e-005,
  3.5000000e+004,  2.9698903e-005,
  3.5250000e+004,  2.9259909e-005,
  3.5500000e+004,  3.1479094e-005,
  3.5750000e+004,  3.0124086e-005,
  3.6000000e+004,  3.0888080e-005,
  3.6250000e+004,  3.0410916e-005,
  3.6500000e+004,  3.1628607e-005,
  3.6750000e+004,  3.1951383e-005,
  3.7000000e+004,  3.2364968e-005,
  3.7250000e+004,  3.3433816e-005,
  3.7500000e+004,  3.2168396e-005,
  3.7750000e+004,  3.4096611e-005,
  3.8000000e+004,  4.5155502e-005,
  3.8250000e+004,  3.7132315e-005,
  3.8500000e+004,  3.5198816e-005,
  3.8750000e+004,  3.6164878e-005,
  3.9000000e+004,  3.9464783e-005,
  3.9250000e+004,  3.9225089e-005,
  3.9500000e+004,  4.0165487e-005,
  3.9750000e+004,  3.9894528e-005,
  4.0000000e+004,  4.1858682e-005,
  4.0250000e+004,  4.3124137e-005,
  4.0500000e+004,  4.3623244e-005,
  4.0750000e+004,  4.3211802e-005,
  4.1000000e+004,  4.5462202e-005,
  4.1250000e+004,  4.5339267e-005,
  4.1500000e+004,  4.6868307e-005,
  4.1750000e+004,  4.7732766e-005,
  4.2000000e+004,  5.2941318e-005,
  4.2250000e+004,  5.3917778e-005,
  4.2500000e+004,  5.3048928e-005,
  4.2750000e+004,  5.5360125e-005,
  4.3000000e+004,  5.9237203e-005,
  4.3250000e+004,  5.8917280e-005,
  4.3500000e+004,  6.1776157e-005,
  4.3750000e+004,  5.8361576e-005,
  4.4000000e+004,  7.0112298e-005,
  4.4250000e+004,  6.8795946e-005,
  4.4500000e+004,  7.0207279e-005,
  4.4750000e+004,  7.4365231e-005,
  4.5000000e+004,  7.8822779e-005,
  4.5250000e+004,  8.2591626e-005,
  4.5500000e+004,  8.6951710e-005,
  4.5750000e+004,  9.2978299e-005,
  4.6000000e+004,  9.8351604e-005,
  4.6250000e+004,  1.0552487e-004,
  4.6500000e+004,  1.1383608e-004,
  4.6750000e+004,  1.2041481e-004,
  4.7000000e+004,  1.3482599e-004,
  4.7250000e+004,  1.4175154e-004,
  4.7500000e+004,  1.5637023e-004,
  4.7750000e+004,  1.7191373e-004,
  4.8000000e+004,  1.9405821e-004,
  4.8250000e+004,  2.2491502e-004,
  4.8500000e+004,  2.6138507e-004,
  4.8750000e+004,  3.1231734e-004,
  4.9000000e+004,  3.9154668e-004,
  4.9250000e+004,  5.2170954e-004,
  4.9500000e+004,  7.8309366e-004,
  4.9750000e+004,  1.5672475e-003,
  5.0000000e+004,  9.9381006e-001,
  5.0250000e+004,  1.5746913e-003,
  5.0500000e+004,  7.8628037e-004,
  5.0750000e+004,  5.2525304e-004,
  5.1000000e+004,  3.9581045e-004,
  5.1250000e+004,  3.1529115e-004,
  5.1500000e+004,  2.6316042e-004,
  5.1750000e+004,  2.2690293e-004,
  5.2000000e+004,  2.0073852e-004,
  5.2250000e+004,  1.7603525e-004,
  5.2500000e+004,  1.5903894e-004,
  5.2750000e+004,  1.4465951e-004,
  5.3000000e+004,  1.3364477e-004,
  5.3250000e+004,  1.2346872e-004,
  5.3500000e+004,  1.1538768e-004,
  5.3750000e+004,  1.0660177e-004,
  5.4000000e+004,  1.0146220e-004,
  5.4250000e+004,  9.4373276e-005,
  5.4500000e+004,  8.9823274e-005,
  5.4750000e+004,  8.4400156e-005,
  5.5000000e+004,  8.1095859e-005,
  5.5250000e+004,  7.7605122e-005,
  5.5500000e+004,  7.4113979e-005,
  5.5750000e+004,  7.1987846e-005,
  5.6000000e+004,  6.6551549e-005,
  5.6250000e+004,  7.2427744e-005,
  5.6500000e+004,  6.3471663e-005,
  5.6750000e+004,  6.1776157e-005,
  5.7000000e+004,  5.9679925e-005,
  5.7250000e+004,  5.8007124e-005,
  5.7500000e+004,  5.5547812e-005,
  5.7750000e+004,  5.4504907e-005,
  5.8000000e+004,  5.2762437e-005,
  5.8250000e+004,  5.1248823e-005,
  5.8500000e+004,  5.0082825e-005,
  5.8750000e+004,  4.8976490e-005,
  5.9000000e+004,  4.8089507e-005,
  5.9250000e+004,  4.6868307e-005,
  5.9500000e+004,  4.4307721e-005,
  5.9750000e+004,  4.3830437e-005,
  6.0000000e+004,  4.4068428e-005,
  6.0250000e+004,  4.2515462e-005,
  6.0500000e+004,  4.0961732e-005,
  6.0750000e+004,  4.1100604e-005,
  6.1000000e+004,  4.0192688e-005,
  6.1250000e+004,  3.8022540e-005,
  6.1500000e+004,  3.9225089e-005,
  6.1750000e+004,  3.7740479e-005,
  6.2000000e+004,  5.1947349e-005,
  6.2250000e+004,  3.7663918e-005,
  6.2500000e+004,  3.9304828e-005,
  6.2750000e+004,  3.4866823e-005,
  6.3000000e+004,  3.5896597e-005,
  6.3250000e+004,  3.4374699e-005,
  6.3500000e+004,  3.5751104e-005,
  6.3750000e+004,  3.4073540e-005,
  6.4000000e+004,  3.3547166e-005,
  6.4250000e+004,  3.3208266e-005,
  6.4500000e+004,  3.3638121e-005,
  6.4750000e+004,  3.0185320e-005,
  6.5000000e+004,  3.2081416e-005,
  6.5250000e+004,  3.2783907e-005,
  6.5500000e+004,  3.0328688e-005,
  6.5750000e+004,  2.8382074e-005,
  6.6000000e+004,  2.9981685e-005,
  6.6250000e+004,  2.9961398e-005,
  6.6500000e+004,  2.8964319e-005,
  6.6750000e+004,  2.9518524e-005,
  6.7000000e+004,  2.9259909e-005,
  6.7250000e+004,  2.7642614e-005,
  6.7500000e+004,  2.6995415e-005,
  6.7750000e+004,  2.6309885e-005,
  6.8000000e+004,  2.8594193e-005,
  6.8250000e+004,  2.7123629e-005,
  6.8500000e+004,  2.7234015e-005,
  6.8750000e+004,  2.7642614e-005,
  6.9000000e+004,  2.7830362e-005,
  6.9250000e+004,  2.4805225e-005,
  6.9500000e+004,  2.6044100e-005,
  6.9750000e+004,  2.5746119e-005,
  7.0000000e+004,  2.9981685e-005,
  7.0250000e+004,  2.5503286e-005,
  7.0500000e+004,  2.5641764e-005,
  7.0750000e+004,  2.6977148e-005,
  7.1000000e+004,  2.4554637e-005,
  7.1250000e+004,  2.4939916e-005,
  7.1500000e+004,  2.6256513e-005,
  7.1750000e+004,  2.6632413e-005,
  7.2000000e+004,  2.5228563e-005,
  7.2250000e+004,  2.4488244e-005,
  7.2500000e+004,  2.5868402e-005,
  7.2750000e+004,  2.3040927e-005,
  7.3000000e+004,  2.4587904e-005,
  7.3250000e+004,  2.3641279e-005,
  7.3500000e+004,  2.3673305e-005,
  7.3750000e+004,  2.1855961e-005,
  7.4000000e+004,  3.0493371e-005,
  7.4250000e+004,  2.1562068e-005,
  7.4500000e+004,  2.1811623e-005,
  7.4750000e+004,  2.0001347e-005,
  7.5000000e+004,  2.2994184e-005,
  7.5250000e+004,  2.3705378e-005,
  7.5500000e+004,  2.1767376e-005,
  7.5750000e+004,  2.1358698e-005,
  7.6000000e+004,  2.3386616e-005,
  7.6250000e+004,  2.2244020e-005,
  7.6500000e+004,  2.1811623e-005,
  7.6750000e+004,  2.2079008e-005,
  7.7000000e+004,  2.1416606e-005,
  7.7250000e+004,  2.1445622e-005,
  7.7500000e+004,  2.2019306e-005,
  7.7750000e+004,  2.2932010e-005,
  7.8000000e+004,  2.3166035e-005,
  7.8250000e+004,  2.6434846e-005,
  7.8500000e+004,  2.0287695e-005,
  7.8750000e+004,  2.2123888e-005,
  7.9000000e+004,  2.2638966e-005,
  7.9250000e+004,  2.0731938e-005,
  7.9500000e+004,  2.0816309e-005,
  7.9750000e+004,  2.1989517e-005,
  8.0000000e+004,  2.1518327e-005,
  8.0250000e+004,  2.1431110e-005,
  8.0500000e+004,  2.0150831e-005,
  8.0750000e+004,  2.0205465e-005,
  8.1000000e+004,  2.1503766e-005,
  8.1250000e+004,  1.9866415e-005,
  8.1500000e+004,  1.8870241e-005,
  8.1750000e+004,  2.0675881e-005,
  8.2000000e+004,  2.3545458e-005,
  8.2250000e+004,  2.1128624e-005,
  8.2500000e+004,  2.1228974e-005,
  8.2750000e+004,  1.9037026e-005,
  8.3000000e+004,  2.0260249e-005,
  8.3250000e+004,  2.0578143e-005,
  8.3500000e+004,  2.0315179e-005,
  8.3750000e+004,  2.0342700e-005,
  8.4000000e+004,  2.1272127e-005,
  8.4250000e+004,  1.9296502e-005,
  8.4500000e+004,  2.0370258e-005,
  8.4750000e+004,  2.0260249e-005,
  8.5000000e+004,  1.9719040e-005,
  8.5250000e+004,  2.0246539e-005,
  8.5500000e+004,  1.9866415e-005,
  8.5750000e+004,  1.8819215e-005,
  8.6000000e+004,  2.0384054e-005,
  8.6250000e+004,  1.9759124e-005,
  8.6500000e+004,  1.9533054e-005,
  8.6750000e+004,  2.0411668e-005,
  8.7000000e+004,  1.9692363e-005,
  8.7250000e+004,  1.8143743e-005,
  8.7500000e+004,  2.0137196e-005,
  8.7750000e+004,  2.0886882e-005,
  8.8000000e+004,  2.2138869e-005,
  8.8250000e+004,  2.0260249e-005,
  8.8500000e+004,  1.8629101e-005,
  8.8750000e+004,  1.7803100e-005,
  8.9000000e+004,  2.1071492e-005,
  8.9250000e+004,  1.8378599e-005,
  8.9500000e+004,  1.7984784e-005,
  8.9750000e+004,  1.9283445e-005,
  9.0000000e+004,  1.9893328e-005,
  9.0250000e+004,  1.8478394e-005,
  9.0500000e+004,  2.0205465e-005,
  9.0750000e+004,  2.0082745e-005,
  9.1000000e+004,  1.9785892e-005,
  9.1250000e+004,  1.9572759e-005,
  9.1500000e+004,  1.9231302e-005,
  9.1750000e+004,  1.7117687e-005,
  9.2000000e+004,  1.9906798e-005,
  9.2250000e+004,  1.9852972e-005,
  9.2500000e+004,  1.9140395e-005,
  9.2750000e+004,  1.7766982e-005,
  9.3000000e+004,  1.7623249e-005,
  9.3250000e+004,  1.8353736e-005,
  9.3500000e+004,  2.0082745e-005,
  9.3750000e+004,  2.0830406e-005,
  9.4000000e+004,  3.0349225e-005,
  9.4250000e+004,  1.8883018e-005,
  9.4500000e+004,  1.7339262e-005,
  9.4750000e+004,  1.9506626e-005,
  9.5000000e+004,  1.8490906e-005,
  9.5250000e+004,  1.9296502e-005,
  9.5500000e+004,  1.8781038e-005,
  9.5750000e+004,  1.8057977e-005,
  9.6000000e+004,  1.9906798e-005,
  9.6250000e+004,  1.8819215e-005,
  9.6500000e+004,  1.8366163e-005,
  9.6750000e+004,  1.8168324e-005,
  9.7000000e+004,  1.9270397e-005,
  9.7250000e+004,  1.8591310e-005,
  9.7500000e+004,  1.7924018e-005,
  9.7750000e+004,  1.9322643e-005,
  9.8000000e+004,  1.9639115e-005,
  9.8250000e+004,  1.8229918e-005,
  9.8500000e+004,  1.8844712e-005,
  9.8750000e+004,  1.8205256e-005,
  9.9000000e+004,  1.8131466e-005,
  9.9250000e+004,  1.8057977e-005,
  9.9500000e+004,  1.7563705e-005,
  9.9750000e+004,  1.7887655e-005,
