  0.0000000e+000,  2.8172221e-002,
  2.5000000e+002,  1.4086112e-002,
  5.0000000e+002,  4.6646754e-005,
  7.5000000e+002,  4.5492981e-005,
  1.0000000e+003,  2.5109307e-005,
  1.2500000e+003,  1.9205285e-005,
  1.5000000e+003,  2.1171573e-005,
  1.7500000e+003,  1.9812698e-005,
  2.0000000e+003,  1.9467055e-005,
  2.2500000e+003,  1.7682997e-005,
  2.5000000e+003,  1.7129277e-005,
  2.7500000e+003,  1.6979206e-005,
  3.0000000e+003,  1.8119197e-005,
  3.2500000e+003,  1.7492515e-005,
  3.5000000e+003,  1.7386272e-005,
  3.7500000e+003,  1.7082961e-005,
  4.0000000e+003,  1.7647123e-005,
  4.2500000e+003,  1.7815155e-005,
  4.5000000e+003,  1.6084199e-005,
  4.7500000e+003,  1.7140876e-005,
  5.0000000e+003,  1.7339262e-005,
  5.2500000e+003,  1.7682997e-005,
  5.5000000e+003,  1.7682997e-005,
  5.7500000e+003,  3.1929763e-005,
  6.0000000e+003,  1.8432740e-004,
  6.2500000e+003,  3.7443913e-004,
  6.5000000e+003,  1.9067274e-004,
  6.7500000e+003,  1.6853250e-005,
  7.0000000e+003,  1.5707617e-005,
  7.2500000e+003,  1.6084199e-005,
  7.5000000e+003,  1.7233950e-005,
  7.7500000e+003,  1.6626627e-005,
  8.0000000e+003,  1.6671708e-005,
  8.2500000e+003,  1.7187351e-005,
  8.5000000e+003,  1.6728228e-005,
  8.7500000e+003,  1.7386272e-005,
  9.0000000e+003,  1.7611324e-005,
  9.2500000e+003,  1.8205256e-005,
  9.5000000e+003,  1.8378599e-005,
  9.7500000e+003,  1.8490906e-005,
  1.0000000e+004,  1.8641716e-005,
  1.0250000e+004,  1.7851368e-005,
  1.0500000e+004,  1.7815155e-005,
  1.0750000e+004,  1.6807680e-005,
  1.1000000e+004,  1.6570451e-005,
  1.1250000e+004,  1.7036771e-005,
  1.1500000e+004,  1.6171533e-005,
  1.1750000e+004,  1.6570451e-005,
  1.2000000e+004,  1.7706952e-005,
  1.2250000e+004,  4.2949350e-005,
  1.2500000e+004,  8.0712526e-005,
  1.2750000e+004,  4.2775263e-005,
  1.3000000e+004,  1.7635182e-005,
  1.3250000e+004,  1.7492515e-005,
  1.3500000e+004,  1.7516212e-005,
  1.3750000e+004,  1.7480679e-005,
  1.4000000e+004,  2.1171573e-005,
  1.4250000e+004,  1.9947265e-005,
  1.4500000e+004,  1.7948300e-005,
  1.4750000e+004,  1.6750890e-005,
  1.5000000e+004,  1.7280677e-005,
  1.5250000e+004,  2.3577355e-005,
  1.5500000e+004,  1.1094532e-004,
  1.5750000e+004,  1.2566092e-004,
  1.6000000e+004,  3.6140406e-005,
  1.6250000e+004,  1.8082440e-005,
  1.6500000e+004,  1.7623249e-005,
  1.6750000e+004,  1.7706952e-005,
  1.7000000e+004,  1.6391953e-005,
  1.7250000e+004,  1.6281370e-005,
  1.7500000e+004,  1.7187351e-005,
  1.7750000e+004,  1.7187351e-005,
  1.8000000e+004,  2.0150831e-005,
  1.8250000e+004,  1.8279344e-005,
  1.8500000e+004,  2.0619973e-005,
  1.8750000e+004,  3.0721269e-005,
  1.9000000e+004,  2.2715719e-005,
  1.9250000e+004,  1.7233950e-005,
  1.9500000e+004,  1.6436397e-005,
  1.9750000e+004,  1.7071402e-005,
  2.0000000e+004,  1.9440718e-005,
  2.0250000e+004,  1.7851368e-005,
  2.0500000e+004,  1.7682997e-005,
  2.0750000e+004,  1.5113107e-005,
  2.1000000e+004,  1.5350240e-005,
  2.1250000e+004,  1.6292395e-005,
  2.1500000e+004,  1.6830450e-005,
  2.1750000e+004,  1.7480679e-005,
  2.2000000e+004,  1.6705597e-005,
  2.2250000e+004,  1.7539943e-005,
  2.2500000e+004,  1.7002208e-005,
  2.2750000e+004,  1.6215380e-005,
  2.3000000e+004,  1.7315804e-005,
  2.3250000e+004,  1.6944762e-005,
  2.3500000e+004,  1.7106104e-005,
  2.3750000e+004,  1.7445217e-005,
  2.4000000e+004,  1.8291721e-005,
  2.4250000e+004,  1.6750890e-005,
  2.4500000e+004,  1.6525644e-005,
  2.4750000e+004,  1.8009148e-005,
  2.5000000e+004,  2.0480867e-005,
  2.5250000e+004,  1.8972705e-005,
  2.5500000e+004,  1.8857472e-005,
  2.5750000e+004,  1.9166325e-005,
  2.6000000e+004,  2.2455819e-005,
  2.6250000e+004,  2.6044100e-005,
  2.6500000e+004,  2.2731100e-005,
  2.6750000e+004,  1.7421616e-005,
  2.7000000e+004,  1.6716909e-005,
  2.7250000e+004,  1.7587498e-005,
  2.7500000e+004,  1.7164099e-005,
  2.7750000e+004,  1.8205256e-005,
  2.8000000e+004,  1.8378599e-005,
  2.8250000e+004,  1.6447527e-005,
  2.8500000e+004,  1.6503287e-005,
  2.8750000e+004,  1.7839289e-005,
  2.9000000e+004,  1.8353736e-005,
  2.9250000e+004,  1.8229918e-005,
  2.9500000e+004,  1.7984784e-005,
  2.9750000e+004,  1.9231302e-005,
  3.0000000e+004,  2.1214609e-005,
  3.0250000e+004,  1.9309568e-005,
  3.0500000e+004,  1.9179303e-005,
  3.0750000e+004,  1.9772503e-005,
  3.1000000e+004,  2.9819766e-005,
  3.1250000e+004,  6.2873017e-005,
  3.1500000e+004,  4.2285858e-005,
  3.1750000e+004,  1.7036771e-005,
  3.2000000e+004,  1.7563705e-005,
  3.2250000e+004,  1.8106936e-005,
  3.2500000e+004,  1.8082440e-005,
  3.2750000e+004,  1.7351002e-005,
  3.3000000e+004,  1.5964882e-005,
  3.3250000e+004,  1.8094684e-005,
  3.3500000e+004,  1.7551820e-005,
  3.3750000e+004,  1.7059851e-005,
  3.4000000e+004,  1.7587498e-005,
  3.4250000e+004,  1.8465890e-005,
  3.4500000e+004,  1.9906798e-005,
  3.4750000e+004,  1.8742939e-005,
  3.5000000e+004,  1.6447527e-005,
  3.5250000e+004,  1.5867918e-005,
  3.5500000e+004,  1.6830450e-005,
  3.5750000e+004,  1.6716909e-005,
  3.6000000e+004,  1.5739548e-005,
  3.6250000e+004,  1.6447527e-005,
  3.6500000e+004,  1.7409827e-005,
  3.6750000e+004,  1.7327529e-005,
  3.7000000e+004,  1.6750890e-005,
  3.7250000e+004,  1.7362751e-005,
  3.7500000e+004,  1.7362751e-005,
  3.7750000e+004,  2.0246539e-005,
  3.8000000e+004,  3.0164895e-005,
  3.8250000e+004,  2.2138869e-005,
  3.8500000e+004,  1.8217583e-005,
  3.8750000e+004,  1.7682997e-005,
  3.9000000e+004,  1.6492120e-005,
  3.9250000e+004,  1.7129277e-005,
  3.9500000e+004,  1.6762232e-005,
  3.9750000e+004,  1.6215380e-005,
  4.0000000e+004,  1.7791053e-005,
  4.0250000e+004,  1.7563705e-005,
  4.0500000e+004,  1.7233950e-005,
  4.0750000e+004,  1.7339262e-005,
  4.1000000e+004,  1.7445217e-005,
  4.1250000e+004,  1.7175721e-005,
  4.1500000e+004,  1.7280677e-005,
  4.1750000e+004,  1.8070204e-005,
  4.2000000e+004,  1.9826113e-005,
  4.2250000e+004,  1.7492515e-005,
  4.2500000e+004,  1.7960453e-005,
  4.2750000e+004,  1.8844712e-005,
  4.3000000e+004,  1.7292378e-005,
  4.3250000e+004,  1.7492515e-005,
  4.3500000e+004,  1.7863456e-005,
  4.3750000e+004,  1.8106936e-005,
  4.4000000e+004,  2.0287695e-005,
  4.4250000e+004,  1.7362751e-005,
  4.4500000e+004,  1.5298376e-005,
  4.4750000e+004,  1.6380861e-005,
  4.5000000e+004,  1.7551820e-005,
  4.5250000e+004,  1.7315804e-005,
  4.5500000e+004,  1.7245619e-005,
  4.5750000e+004,  1.6750890e-005,
  4.6000000e+004,  1.8254614e-005,
  4.6250000e+004,  1.7960453e-005,
  4.6500000e+004,  1.7480679e-005,
  4.6750000e+004,  3.1287902e-005,
  4.7000000e+004,  4.1017223e-005,
  4.7250000e+004,  2.2289236e-005,
  4.7500000e+004,  1.8119197e-005,
  4.7750000e+004,  1.8947035e-005,
  4.8000000e+004,  1.9401281e-005,
  4.8250000e+004,  1.8806481e-005,
  4.8500000e+004,  1.9906798e-005,
  4.8750000e+004,  2.1085759e-005,
  4.9000000e+004,  3.2872792e-005,
  4.9250000e+004,  6.5656643e-005,
  4.9500000e+004,  2.6244886e-004,
  4.9750000e+004,  4.9522621e-001,
  5.0000000e+004,  9.9381006e-001,
  5.0250000e+004,  4.9858961e-001,
  5.0500000e+004,  2.6530669e-004,
  5.0750000e+004,  6.7367376e-005,
  5.1000000e+004,  3.2103139e-005,
  5.1250000e+004,  2.2638966e-005,
  5.1500000e+004,  2.1214609e-005,
  5.1750000e+004,  1.9893328e-005,
  5.2000000e+004,  2.0717909e-005,
  5.2250000e+004,  1.9231302e-005,
  5.2500000e+004,  1.7671032e-005,
  5.2750000e+004,  1.7492515e-005,
  5.3000000e+004,  1.8106936e-005,
  5.3250000e+004,  1.7742946e-005,
  5.3500000e+004,  1.8428428e-005,
  5.3750000e+004,  1.9665722e-005,
  5.4000000e+004,  2.0014890e-005,
  5.4250000e+004,  1.9893328e-005,
  5.4500000e+004,  1.8641716e-005,
  5.4750000e+004,  1.8094684e-005,
  5.5000000e+004,  1.8229918e-005,
  5.5250000e+004,  1.7647123e-005,
  5.5500000e+004,  1.8119197e-005,
  5.5750000e+004,  2.0745976e-005,
  5.6000000e+004,  2.2669635e-005,
  5.6250000e+004,  1.9839538e-005,
  5.6500000e+004,  1.7827218e-005,
  5.6750000e+004,  1.8679609e-005,
  5.7000000e+004,  1.8806481e-005,
  5.7250000e+004,  1.8679609e-005,
  5.7500000e+004,  1.8985551e-005,
  5.7750000e+004,  1.8985551e-005,
  5.8000000e+004,  1.8440908e-005,
  5.8250000e+004,  1.7504360e-005,
  5.8500000e+004,  1.8229918e-005,
  5.8750000e+004,  1.7398045e-005,
  5.9000000e+004,  1.7730940e-005,
  5.9250000e+004,  1.9586013e-005,
  5.9500000e+004,  1.8009148e-005,
  5.9750000e+004,  1.8704917e-005,
  6.0000000e+004,  1.9960772e-005,
  6.0250000e+004,  1.7911890e-005,
  6.0500000e+004,  1.7152484e-005,
  6.0750000e+004,  1.7718942e-005,
  6.1000000e+004,  1.7175721e-005,
  6.1250000e+004,  1.7362751e-005,
  6.1500000e+004,  1.7742946e-005,
  6.1750000e+004,  2.4438567e-005,
  6.2000000e+004,  3.4397975e-005,
  6.2250000e+004,  2.3529525e-005,
  6.2500000e+004,  2.8613555e-005,
  6.2750000e+004,  2.6958891e-005,
  6.3000000e+004,  1.9679038e-005,
  6.3250000e+004,  1.7996962e-005,
  6.3500000e+004,  1.9467055e-005,
  6.3750000e+004,  1.8528493e-005,
  6.4000000e+004,  1.8478394e-005,
  6.4250000e+004,  1.8229918e-005,
  6.4500000e+004,  1.6819061e-005,
  6.4750000e+004,  1.6215380e-005,
  6.5000000e+004,  1.7528075e-005,
  6.5250000e+004,  1.8217583e-005,
  6.5500000e+004,  1.7468850e-005,
  6.5750000e+004,  1.7791053e-005,
  6.6000000e+004,  1.8378599e-005,
  6.6250000e+004,  1.8578730e-005,
  6.6500000e+004,  1.8870241e-005,
  6.6750000e+004,  1.9335727e-005,
  6.7000000e+004,  1.7528075e-005,
  6.7250000e+004,  1.7106104e-005,
  6.7500000e+004,  1.7899767e-005,
  6.7750000e+004,  1.8106936e-005,
  6.8000000e+004,  1.9745754e-005,
  6.8250000e+004,  1.9011271e-005,
  6.8500000e+004,  1.8578730e-005,
  6.8750000e+004,  1.8819215e-005,
  6.9000000e+004,  1.8591310e-005,
  6.9250000e+004,  1.7304087e-005,
  6.9500000e+004,  1.7304087e-005,
  6.9750000e+004,  1.9933766e-005,
  7.0000000e+004,  2.3354975e-005,
  7.0250000e+004,  2.0384054e-005,
  7.0500000e+004,  1.8934214e-005,
  7.0750000e+004,  1.8781038e-005,
  7.1000000e+004,  1.8266975e-005,
  7.1250000e+004,  1.7106104e-005,
  7.1500000e+004,  1.7599407e-005,
  7.1750000e+004,  1.7887655e-005,
  7.2000000e+004,  1.8998407e-005,
  7.2250000e+004,  1.9205285e-005,
  7.2500000e+004,  1.9559515e-005,
  7.2750000e+004,  1.9335727e-005,
  7.3000000e+004,  1.8229918e-005,
  7.3250000e+004,  1.7803100e-005,
  7.3500000e+004,  1.7528075e-005,
  7.3750000e+004,  2.1915220e-005,
  7.4000000e+004,  2.6506517e-005,
  7.4250000e+004,  1.9639115e-005,
  7.4500000e+004,  1.8403497e-005,
  7.4750000e+004,  1.8883018e-005,
  7.5000000e+004,  1.8895804e-005,
  7.5250000e+004,  1.9920277e-005,
  7.5500000e+004,  1.8679609e-005,
  7.5750000e+004,  1.8094684e-005,
  7.6000000e+004,  2.0287695e-005,
  7.6250000e+004,  1.8578730e-005,
  7.6500000e+004,  1.7924018e-005,
  7.6750000e+004,  1.9231302e-005,
  7.7000000e+004,  2.0219146e-005,
  7.7250000e+004,  1.9506626e-005,
  7.7500000e+004,  1.9205285e-005,
  7.7750000e+004,  1.9772503e-005,
  7.8000000e+004,  2.1811623e-005,
  7.8250000e+004,  2.3721430e-005,
  7.8500000e+004,  1.9348819e-005,
  7.8750000e+004,  1.8717582e-005,
  7.9000000e+004,  1.7851368e-005,
  7.9250000e+004,  1.8478394e-005,
  7.9500000e+004,  1.8998407e-005,
  7.9750000e+004,  1.9467055e-005,
  8.0000000e+004,  2.0675881e-005,
  8.0250000e+004,  1.9231302e-005,
  8.0500000e+004,  1.7210634e-005,
  8.0750000e+004,  1.8440908e-005,
  8.1000000e+004,  1.9612546e-005,
  8.1250000e+004,  1.9075723e-005,
  8.1500000e+004,  1.8217583e-005,
  8.1750000e+004,  2.1171573e-005,
  8.2000000e+004,  2.4704684e-005,
  8.2250000e+004,  2.0508613e-005,
  8.2500000e+004,  1.9114501e-005,
  8.2750000e+004,  1.8806481e-005,
  8.3000000e+004,  1.8908599e-005,
  8.3250000e+004,  1.9652413e-005,
  8.3500000e+004,  2.0096345e-005,
  8.3750000e+004,  1.9839538e-005,
  8.4000000e+004,  2.1128624e-005,
  8.4250000e+004,  1.8353736e-005,
  8.4500000e+004,  1.7117687e-005,
  8.4750000e+004,  1.8143743e-005,
  8.5000000e+004,  1.7791053e-005,
  8.5250000e+004,  1.8328905e-005,
  8.5500000e+004,  1.7972614e-005,
  8.5750000e+004,  1.6750890e-005,
  8.6000000e+004,  1.8304109e-005,
  8.6250000e+004,  1.9705697e-005,
  8.6500000e+004,  1.9625826e-005,
  8.6750000e+004,  1.9732393e-005,
  8.7000000e+004,  1.8033545e-005,
  8.7250000e+004,  1.8045758e-005,
  8.7500000e+004,  1.7791053e-005,
  8.7750000e+004,  1.9586013e-005,
  8.8000000e+004,  2.2440624e-005,
  8.8250000e+004,  1.8768330e-005,
  8.8500000e+004,  1.7433413e-005,
  8.8750000e+004,  1.7924018e-005,
  8.9000000e+004,  1.9440718e-005,
  8.9250000e+004,  2.0886882e-005,
  8.9500000e+004,  1.9088639e-005,
  8.9750000e+004,  1.6898943e-005,
  9.0000000e+004,  1.6492120e-005,
  9.0250000e+004,  1.6750890e-005,
  9.0500000e+004,  1.8353736e-005,
  9.0750000e+004,  1.9759124e-005,
  9.1000000e+004,  1.8831960e-005,
  9.1250000e+004,  1.9852972e-005,
  9.1500000e+004,  2.0439320e-005,
  9.1750000e+004,  1.9427564e-005,
  9.2000000e+004,  1.9812698e-005,
  9.2250000e+004,  1.8934214e-005,
  9.2500000e+004,  1.9075723e-005,
  9.2750000e+004,  1.9375031e-005,
  9.3000000e+004,  1.8279344e-005,
  9.3250000e+004,  1.8266975e-005,
  9.3500000e+004,  1.8921402e-005,
  9.3750000e+004,  2.5520554e-005,
  9.4000000e+004,  3.3073669e-005,
  9.4250000e+004,  2.2916492e-005,
  9.4500000e+004,  1.9114501e-005,
  9.4750000e+004,  1.9037026e-005,
  9.5000000e+004,  1.8119197e-005,
  9.5250000e+004,  1.7671032e-005,
  9.5500000e+004,  1.7911890e-005,
  9.5750000e+004,  1.7457030e-005,
  9.6000000e+004,  2.0578143e-005,
  9.6250000e+004,  2.0592077e-005,
  9.6500000e+004,  2.0109953e-005,
  9.6750000e+004,  1.9037026e-005,
  9.7000000e+004,  1.8304109e-005,
  9.7250000e+004,  1.9127444e-005,
  9.7500000e+004,  1.9140395e-005,
  9.7750000e+004,  1.9719040e-005,
  9.8000000e+004,  2.0508613e-005,
  9.8250000e+004,  2.0550304e-005,
  9.8500000e+004,  1.9987813e-005,
  9.8750000e+004,  1.8998407e-005,
  9.9000000e+004,  1.7718942e-005,
  9.9250000e+004,  1.8578730e-005,
  9.9500000e+004,  1.8316503e-005,
  9.9750000e+004,  1.1911769e-004,
