  0.0000000e+000,  2.8096059e-002,
  2.5000000e+002,  2.7124314e-002,
  5.0000000e+002,  1.8131922e-002,
  7.5000000e+002,  5.4641271e-003,
  1.0000000e+003,  4.0971322e-004,
  1.2500000e+003,  3.5654433e-005,
  1.5000000e+003,  3.1628607e-005,
  1.7500000e+003,  3.1973018e-005,
  2.0000000e+003,  3.2081416e-005,
  2.2500000e+003,  3.1671454e-005,
  2.5000000e+003,  3.0083332e-005,
  2.7500000e+003,  2.8190604e-005,
  3.0000000e+003,  2.6740796e-005,
  3.2500000e+003,  2.5956101e-005,
  3.5000000e+003,  2.6220991e-005,
  3.7500000e+003,  2.7307852e-005,
  4.0000000e+003,  2.7981479e-005,
  4.2500000e+003,  2.6995415e-005,
  4.5000000e+003,  2.6008863e-005,
  4.7500000e+003,  2.4805225e-005,
  5.0000000e+003,  2.3625281e-005,
  5.2500000e+003,  2.6185515e-005,
  5.5000000e+003,  7.8769452e-005,
  5.7500000e+003,  2.4148254e-004,
  6.0000000e+003,  3.6075523e-004,
  6.2500000e+003,  3.7418581e-004,
  6.5000000e+003,  3.6271423e-004,
  6.7500000e+003,  2.4493974e-004,
  7.0000000e+003,  7.7552601e-005,
  7.2500000e+003,  2.5659129e-005,
  7.5000000e+003,  2.6327700e-005,
  7.7500000e+003,  2.7178767e-005,
  8.0000000e+003,  2.7586537e-005,
  8.2500000e+003,  2.8516874e-005,
  8.5000000e+003,  2.8691133e-005,
  8.7500000e+003,  2.8152463e-005,
  9.0000000e+003,  2.7623909e-005,
  9.2500000e+003,  2.6452746e-005,
  9.5000000e+003,  2.6399084e-005,
  9.7500000e+003,  2.7605217e-005,
  1.0000000e+004,  2.8905562e-005,
  1.0250000e+004,  2.9880385e-005,
  1.0500000e+004,  2.9023199e-005,
  1.0750000e+004,  2.8095352e-005,
  1.1000000e+004,  2.6940649e-005,
  1.1250000e+004,  2.5991264e-005,
  1.1500000e+004,  2.6560398e-005,
  1.1750000e+004,  2.9101888e-005,
  1.2000000e+004,  5.3228779e-005,
  1.2250000e+004,  7.7185999e-005,
  1.2500000e+004,  8.1425905e-005,
  1.2750000e+004,  8.0548782e-005,
  1.3000000e+004,  5.8361576e-005,
  1.3250000e+004,  3.2321183e-005,
  1.3500000e+004,  2.9418788e-005,
  1.3750000e+004,  2.9961398e-005,
  1.4000000e+004,  2.9062517e-005,
  1.4250000e+004,  2.8439767e-005,
  1.4500000e+004,  2.7792711e-005,
  1.4750000e+004,  2.7792711e-005,
  1.5000000e+004,  5.2335588e-005,
  1.5250000e+004,  1.1177449e-004,
  1.5500000e+004,  1.3703421e-004,
  1.5750000e+004,  1.3946730e-004,
  1.6000000e+004,  1.2447573e-004,
  1.6250000e+004,  6.8609928e-005,
  1.6500000e+004,  3.1778826e-005,
  1.6750000e+004,  2.7698804e-005,
  1.7000000e+004,  2.7344846e-005,
  1.7250000e+004,  2.8439767e-005,
  1.7500000e+004,  3.0267163e-005,
  1.7750000e+004,  3.0555356e-005,
  1.8000000e+004,  2.9860166e-005,
  1.8250000e+004,  3.2190178e-005,
  1.8500000e+004,  3.6091513e-005,
  1.8750000e+004,  3.5437886e-005,
  1.9000000e+004,  3.5294248e-005,
  1.9250000e+004,  3.0144484e-005,
  1.9500000e+004,  2.6614391e-005,
  1.9750000e+004,  2.7326343e-005,
  2.0000000e+004,  2.7123629e-005,
  2.0250000e+004,  2.7755111e-005,
  2.0500000e+004,  2.6940649e-005,
  2.0750000e+004,  2.6922419e-005,
  2.1000000e+004,  2.7344846e-005,
  2.1250000e+004,  2.6668491e-005,
  2.1500000e+004,  2.6777025e-005,
  2.1750000e+004,  2.6940649e-005,
  2.2000000e+004,  2.7123629e-005,
  2.2250000e+004,  2.7307852e-005,
  2.2500000e+004,  2.7474723e-005,
  2.2750000e+004,  2.7830362e-005,
  2.3000000e+004,  2.8038358e-005,
  2.3250000e+004,  2.8019385e-005,
  2.3500000e+004,  2.8038358e-005,
  2.3750000e+004,  2.7437554e-005,
  2.4000000e+004,  2.6596382e-005,
  2.4250000e+004,  2.6381217e-005,
  2.4500000e+004,  2.7105276e-005,
  2.4750000e+004,  2.8691133e-005,
  2.5000000e+004,  2.9819766e-005,
  2.5250000e+004,  3.0908995e-005,
  2.5500000e+004,  3.1843428e-005,
  2.5750000e+004,  3.3958414e-005,
  2.6000000e+004,  3.4421267e-005,
  2.6250000e+004,  3.3479112e-005,
  2.6500000e+004,  3.1161089e-005,
  2.6750000e+004,  2.8691133e-005,
  2.7000000e+004,  2.7849206e-005,
  2.7250000e+004,  2.8152463e-005,
  2.7500000e+004,  2.8171528e-005,
  2.7750000e+004,  2.6777025e-005,
  2.8000000e+004,  2.5956101e-005,
  2.8250000e+004,  2.6506517e-005,
  2.8500000e+004,  2.6740796e-005,
  2.8750000e+004,  2.6777025e-005,
  2.9000000e+004,  2.6452746e-005,
  2.9250000e+004,  2.6256513e-005,
  2.9500000e+004,  2.8594193e-005,
  2.9750000e+004,  3.0638199e-005,
  3.0000000e+004,  3.0164895e-005,
  3.0250000e+004,  3.0308166e-005,
  3.0500000e+004,  2.9538511e-005,
  3.0750000e+004,  4.0274394e-005,
  3.1000000e+004,  5.9963367e-005,
  3.1250000e+004,  6.5125480e-005,
  3.1500000e+004,  6.6236951e-005,
  3.1750000e+004,  5.2941318e-005,
  3.2000000e+004,  3.1245574e-005,
  3.2250000e+004,  2.7326343e-005,
  3.2500000e+004,  2.6506517e-005,
  3.2750000e+004,  2.5211492e-005,
  3.3000000e+004,  2.4158955e-005,
  3.3250000e+004,  2.4754905e-005,
  3.3500000e+004,  2.6488581e-005,
  3.3750000e+004,  2.8594193e-005,
  3.4000000e+004,  3.0062976e-005,
  3.4250000e+004,  3.0205759e-005,
  3.4500000e+004,  2.9518524e-005,
  3.4750000e+004,  2.8749454e-005,
  3.5000000e+004,  2.8536184e-005,
  3.5250000e+004,  2.8362869e-005,
  3.5500000e+004,  2.8286175e-005,
  3.5750000e+004,  2.8190604e-005,
  3.6000000e+004,  2.8038358e-005,
  3.6250000e+004,  2.8019385e-005,
  3.6500000e+004,  2.7981479e-005,
  3.6750000e+004,  2.7811530e-005,
  3.7000000e+004,  2.7905816e-005,
  3.7250000e+004,  2.8114376e-005,
  3.7500000e+004,  3.1203303e-005,
  3.7750000e+004,  3.4537965e-005,
  3.8000000e+004,  3.5151193e-005,
  3.8250000e+004,  3.5775312e-005,
  3.8500000e+004,  3.2518689e-005,
  3.8750000e+004,  2.8152463e-005,
  3.9000000e+004,  2.8209692e-005,
  3.9250000e+004,  2.9259909e-005,
  3.9500000e+004,  2.9359106e-005,
  3.9750000e+004,  2.8632930e-005,
  4.0000000e+004,  2.8497578e-005,
  4.0250000e+004,  2.8691133e-005,
  4.0500000e+004,  2.8267035e-005,
  4.0750000e+004,  2.6885997e-005,
  4.1000000e+004,  2.6327700e-005,
  4.1250000e+004,  2.6668491e-005,
  4.1500000e+004,  2.7830362e-005,
  4.1750000e+004,  2.9819766e-005,
  4.2000000e+004,  2.9418788e-005,
  4.2250000e+004,  2.8478295e-005,
  4.2500000e+004,  2.7886934e-005,
  4.2750000e+004,  2.7924712e-005,
  4.3000000e+004,  2.8000425e-005,
  4.3250000e+004,  2.8286175e-005,
  4.3500000e+004,  2.8228794e-005,
  4.3750000e+004,  2.8749454e-005,
  4.4000000e+004,  2.9062517e-005,
  4.4250000e+004,  2.8439767e-005,
  4.4500000e+004,  2.7493327e-005,
  4.4750000e+004,  2.7381893e-005,
  4.5000000e+004,  2.7736327e-005,
  4.5250000e+004,  2.7493327e-005,
  4.5500000e+004,  2.7661331e-005,
  4.5750000e+004,  2.9161045e-005,
  4.6000000e+004,  3.0267163e-005,
  4.6250000e+004,  3.2739555e-005,
  4.6500000e+004,  3.9813593e-005,
  4.6750000e+004,  4.3593731e-005,
  4.7000000e+004,  4.3652787e-005,
  4.7250000e+004,  4.2601890e-005,
  4.7500000e+004,  3.4584754e-005,
  4.7750000e+004,  2.9398882e-005,
  4.8000000e+004,  2.8324495e-005,
  4.8250000e+004,  2.8190604e-005,
  4.8500000e+004,  2.8574845e-005,
  4.8750000e+004,  2.8497578e-005,
  4.9000000e+004,  1.3784280e-002,
  4.9250000e+004,  1.9171281e-001,
  4.9500000e+004,  6.3919301e-001,
  4.9750000e+004,  9.5813986e-001,
  5.0000000e+004,  9.9381006e-001,
  5.0250000e+004,  9.6008761e-001,
  5.0500000e+004,  6.4266371e-001,
  5.0750000e+004,  1.9380040e-001,
  5.1000000e+004,  1.4048030e-002,
  5.1250000e+004,  2.7567871e-005,
  5.1500000e+004,  2.7344846e-005,
  5.1750000e+004,  2.8152463e-005,
  5.2000000e+004,  2.8324495e-005,
  5.2250000e+004,  2.8286175e-005,
  5.2500000e+004,  2.8247908e-005,
  5.2750000e+004,  2.8866457e-005,
  5.3000000e+004,  2.9618600e-005,
  5.3250000e+004,  2.9200552e-005,
  5.3500000e+004,  2.8749454e-005,
  5.3750000e+004,  2.9023199e-005,
  5.4000000e+004,  2.9779424e-005,
  5.4250000e+004,  2.9438708e-005,
  5.4500000e+004,  2.8671719e-005,
  5.4750000e+004,  2.8000425e-005,
  5.5000000e+004,  2.7493327e-005,
  5.5250000e+004,  2.6686549e-005,
  5.5500000e+004,  2.8019385e-005,
  5.5750000e+004,  2.9819766e-005,
  5.6000000e+004,  3.0083332e-005,
  5.6250000e+004,  2.9880385e-005,
  5.6500000e+004,  2.8983935e-005,
  5.6750000e+004,  2.8401292e-005,
  5.7000000e+004,  2.9981685e-005,
  5.7250000e+004,  3.1055800e-005,
  5.7500000e+004,  3.0742071e-005,
  5.7750000e+004,  3.0452114e-005,
  5.8000000e+004,  2.9819766e-005,
  5.8250000e+004,  2.9220324e-005,
  5.8500000e+004,  2.9678807e-005,
  5.8750000e+004,  2.9082196e-005,
  5.9000000e+004,  2.8691133e-005,
  5.9250000e+004,  2.8807898e-005,
  5.9500000e+004,  2.8652318e-005,
  5.9750000e+004,  2.8730001e-005,
  6.0000000e+004,  3.0679704e-005,
  6.0250000e+004,  3.1351502e-005,
  6.0500000e+004,  3.0103702e-005,
  6.0750000e+004,  2.8613555e-005,
  6.1000000e+004,  2.8944720e-005,
  6.1250000e+004,  3.1140003e-005,
  6.1500000e+004,  3.7562078e-005,
  6.1750000e+004,  4.3564228e-005,
  6.2000000e+004,  4.4008809e-005,
  6.2250000e+004,  4.4128137e-005,
  6.2500000e+004,  3.8723844e-005,
  6.2750000e+004,  3.5151193e-005,
  6.3000000e+004,  3.2673136e-005,
  6.3250000e+004,  2.9458642e-005,
  6.3500000e+004,  2.9220324e-005,
  6.3750000e+004,  2.9438708e-005,
  6.4000000e+004,  2.9082196e-005,
  6.4250000e+004,  3.0658944e-005,
  6.4500000e+004,  3.0472737e-005,
  6.4750000e+004,  2.9062517e-005,
  6.5000000e+004,  2.8827404e-005,
  6.5250000e+004,  2.8768924e-005,
  6.5500000e+004,  2.9378985e-005,
  6.5750000e+004,  3.0783718e-005,
  6.6000000e+004,  3.2146629e-005,
  6.6250000e+004,  3.1521739e-005,
  6.6500000e+004,  2.9638656e-005,
  6.6750000e+004,  2.8613555e-005,
  6.7000000e+004,  2.8652318e-005,
  6.7250000e+004,  2.8846924e-005,
  6.7500000e+004,  2.9220324e-005,
  6.7750000e+004,  2.8671719e-005,
  6.8000000e+004,  2.7886934e-005,
  6.8250000e+004,  2.8459024e-005,
  6.8500000e+004,  2.8905562e-005,
  6.8750000e+004,  2.9860166e-005,
  6.9000000e+004,  3.0658944e-005,
  6.9250000e+004,  3.0267163e-005,
  6.9500000e+004,  3.0472737e-005,
  6.9750000e+004,  3.0846293e-005,
  7.0000000e+004,  3.0328688e-005,
  7.0250000e+004,  3.0124086e-005,
  7.0500000e+004,  2.8944720e-005,
  7.0750000e+004,  2.7849206e-005,
  7.1000000e+004,  2.8095352e-005,
  7.1250000e+004,  2.9023199e-005,
  7.1500000e+004,  2.9638656e-005,
  7.1750000e+004,  3.0287658e-005,
  7.2000000e+004,  2.9082196e-005,
  7.2250000e+004,  2.9578527e-005,
  7.2500000e+004,  2.8730001e-005,
  7.2750000e+004,  2.9259909e-005,
  7.3000000e+004,  2.9398882e-005,
  7.3250000e+004,  2.8768924e-005,
  7.3500000e+004,  3.0267163e-005,
  7.3750000e+004,  3.2984241e-005,
  7.4000000e+004,  3.4866823e-005,
  7.4250000e+004,  3.6361250e-005,
  7.4500000e+004,  3.3912469e-005,
  7.4750000e+004,  3.0742071e-005,
  7.5000000e+004,  2.9478589e-005,
  7.5250000e+004,  2.8730001e-005,
  7.5500000e+004,  2.9518524e-005,
  7.5750000e+004,  3.0144484e-005,
  7.6000000e+004,  3.0804562e-005,
  7.6250000e+004,  3.1351502e-005,
  7.6500000e+004,  3.0783718e-005,
  7.6750000e+004,  2.9920864e-005,
  7.7000000e+004,  2.9339240e-005,
  7.7250000e+004,  2.9161045e-005,
  7.7500000e+004,  3.0164895e-005,
  7.7750000e+004,  3.1351502e-005,
  7.8000000e+004,  3.1886566e-005,
  7.8250000e+004,  3.2386883e-005,
  7.8500000e+004,  3.1224431e-005,
  7.8750000e+004,  2.9101888e-005,
  7.9000000e+004,  2.8401292e-005,
  7.9250000e+004,  2.9538511e-005,
  7.9500000e+004,  2.9698903e-005,
  7.9750000e+004,  2.9518524e-005,
  8.0000000e+004,  2.9220324e-005,
  8.0250000e+004,  2.9799588e-005,
  8.0500000e+004,  2.9259909e-005,
  8.0750000e+004,  2.9003560e-005,
  8.1000000e+004,  2.9458642e-005,
  8.1250000e+004,  2.9220324e-005,
  8.1500000e+004,  2.9961398e-005,
  8.1750000e+004,  3.1757323e-005,
  8.2000000e+004,  3.2651027e-005,
  8.2250000e+004,  3.2343068e-005,
  8.2500000e+004,  2.9259909e-005,
  8.2750000e+004,  2.7717559e-005,
  8.3000000e+004,  2.8076341e-005,
  8.3250000e+004,  2.8057343e-005,
  8.3500000e+004,  2.8555506e-005,
  8.3750000e+004,  2.9799588e-005,
  8.4000000e+004,  3.0762887e-005,
  8.4250000e+004,  3.1393977e-005,
  8.4500000e+004,  3.0783718e-005,
  8.4750000e+004,  2.9719013e-005,
  8.5000000e+004,  2.9719013e-005,
  8.5250000e+004,  2.9900618e-005,
  8.5500000e+004,  2.9538511e-005,
  8.5750000e+004,  2.9141312e-005,
  8.6000000e+004,  2.9398882e-005,
  8.6250000e+004,  2.9458642e-005,
  8.6500000e+004,  2.9339240e-005,
  8.6750000e+004,  2.9339240e-005,
  8.7000000e+004,  2.9618600e-005,
  8.7250000e+004,  3.0762887e-005,
  8.7500000e+004,  3.1585817e-005,
  8.7750000e+004,  3.1714359e-005,
  8.8000000e+004,  3.0971828e-005,
  8.8250000e+004,  3.0164895e-005,
  8.8500000e+004,  2.9839961e-005,
  8.8750000e+004,  2.9101888e-005,
  8.9000000e+004,  2.8866457e-005,
  8.9250000e+004,  2.9062517e-005,
  8.9500000e+004,  2.9920864e-005,
  8.9750000e+004,  3.0867179e-005,
  9.0000000e+004,  3.1245574e-005,
  9.0250000e+004,  3.1055800e-005,
  9.0500000e+004,  3.0555356e-005,
  9.0750000e+004,  2.9860166e-005,
  9.1000000e+004,  3.0328688e-005,
  9.1250000e+004,  3.1929763e-005,
  9.1500000e+004,  3.2321183e-005,
  9.1750000e+004,  3.1564441e-005,
  9.2000000e+004,  2.9598555e-005,
  9.2250000e+004,  2.8114376e-005,
  9.2500000e+004,  2.8228794e-005,
  9.2750000e+004,  2.8846924e-005,
  9.3000000e+004,  2.9062517e-005,
  9.3250000e+004,  2.8190604e-005,
  9.3500000e+004,  3.2408813e-005,
  9.3750000e+004,  3.8125628e-005,
  9.4000000e+004,  3.9172023e-005,
  9.4250000e+004,  3.9092562e-005,
  9.4500000e+004,  3.5103638e-005,
  9.4750000e+004,  3.1951383e-005,
  9.5000000e+004,  3.2430758e-005,
  9.5250000e+004,  3.2540708e-005,
  9.5500000e+004,  3.2496681e-005,
  9.5750000e+004,  3.2233786e-005,
  9.6000000e+004,  3.0369775e-005,
  9.6250000e+004,  2.9121594e-005,
  9.6500000e+004,  2.8827404e-005,
  9.6750000e+004,  3.0103702e-005,
  9.7000000e+004,  3.1671454e-005,
  9.7250000e+004,  3.1585817e-005,
  9.7500000e+004,  3.1692899e-005,
  9.7750000e+004,  3.2695259e-005,
  9.8000000e+004,  3.3140899e-005,
  9.8250000e+004,  3.2474692e-005,
  9.8500000e+004,  3.1372734e-005,
  9.8750000e+004,  3.1245574e-005,
  9.9000000e+004,  2.9961398e-005,
  9.9250000e+004,  5.3954293e-005,
  9.9500000e+004,  1.5531535e-004,
  9.9750000e+004,  2.2937376e-004,
