  0.0000000e+000,  2.9619326e-002,
  2.5000000e+002,  2.0151331e-002,
  5.0000000e+002,  5.8388906e-003,
  7.5000000e+002,  5.0571526e-004,
  1.0000000e+003,  3.4725504e-005,
  1.2500000e+003,  2.6150089e-005,
  1.5000000e+003,  2.5728697e-005,
  1.7500000e+003,  2.4687967e-005,
  2.0000000e+003,  2.2963076e-005,
  2.2500000e+003,  2.2289236e-005,
  2.5000000e+003,  2.2004406e-005,
  2.7500000e+003,  2.2963076e-005,
  3.0000000e+003,  2.2425439e-005,
  3.2500000e+003,  2.1200254e-005,
  3.5000000e+003,  2.0356474e-005,
  3.7500000e+003,  2.0703890e-005,
  4.0000000e+003,  2.0508613e-005,
  4.2500000e+003,  2.2808163e-005,
  4.5000000e+003,  4.3446434e-005,
  4.7500000e+003,  5.9317452e-005,
  5.0000000e+003,  4.2371818e-005,
  5.2500000e+003,  2.2228968e-005,
  5.5000000e+003,  2.0647907e-005,
  5.7500000e+003,  7.8132206e-005,
  6.0000000e+003,  2.6050194e-004,
  6.2500000e+003,  3.8212075e-004,
  6.5000000e+003,  2.6067831e-004,
  6.7500000e+003,  7.7290580e-005,
  7.0000000e+003,  2.1431110e-005,
  7.2500000e+003,  2.1708517e-005,
  7.5000000e+003,  2.0633935e-005,
  7.7500000e+003,  1.9127444e-005,
  8.0000000e+003,  1.9759124e-005,
  8.2500000e+003,  2.0619973e-005,
  8.5000000e+003,  2.0915178e-005,
  8.7500000e+003,  2.0205465e-005,
  9.0000000e+003,  1.9114501e-005,
  9.2500000e+003,  1.8692258e-005,
  9.5000000e+003,  1.8985551e-005,
  9.7500000e+003,  2.0232837e-005,
  1.0000000e+004,  1.9719040e-005,
  1.0250000e+004,  1.8021342e-005,
  1.0500000e+004,  1.8168324e-005,
  1.0750000e+004,  1.9812698e-005,
  1.1000000e+004,  2.1635170e-005,
  1.1250000e+004,  2.0957693e-005,
  1.1500000e+004,  2.0467009e-005,
  1.1750000e+004,  2.1358698e-005,
  1.2000000e+004,  2.7661331e-005,
  1.2250000e+004,  5.7772002e-005,
  1.2500000e+004,  8.0005378e-005,
  1.2750000e+004,  5.6114689e-005,
  1.3000000e+004,  2.4822021e-005,
  1.3250000e+004,  1.9559515e-005,
  1.3500000e+004,  1.8768330e-005,
  1.3750000e+004,  1.8490906e-005,
  1.4000000e+004,  2.0522499e-005,
  1.4250000e+004,  2.1142930e-005,
  1.4500000e+004,  1.9732393e-005,
  1.4750000e+004,  1.9283445e-005,
  1.5000000e+004,  2.1518327e-005,
  1.5250000e+004,  5.5173071e-005,
  1.5500000e+004,  1.2098673e-004,
  1.5750000e+004,  1.2876071e-004,
  1.6000000e+004,  6.5567818e-005,
  1.6250000e+004,  2.2593040e-005,
  1.6500000e+004,  1.9375031e-005,
  1.6750000e+004,  1.9612546e-005,
  1.7000000e+004,  2.0342700e-005,
  1.7250000e+004,  2.2259081e-005,
  1.7500000e+004,  2.2577752e-005,
  1.7750000e+004,  2.1214609e-005,
  1.8000000e+004,  2.0915178e-005,
  1.8250000e+004,  2.0480867e-005,
  1.8500000e+004,  2.6470658e-005,
  1.8750000e+004,  3.2850549e-005,
  1.9000000e+004,  2.7123629e-005,
  1.9250000e+004,  2.1272127e-005,
  1.9500000e+004,  2.1635170e-005,
  1.9750000e+004,  2.2823607e-005,
  2.0000000e+004,  2.1286533e-005,
  2.0250000e+004,  1.9893328e-005,
  2.0500000e+004,  2.0606020e-005,
  2.0750000e+004,  2.0986086e-005,
  2.1000000e+004,  2.0564219e-005,
  2.1250000e+004,  2.0717909e-005,
  2.1500000e+004,  2.1185908e-005,
  2.1750000e+004,  2.2654295e-005,
  2.2000000e+004,  2.1900391e-005,
  2.2250000e+004,  2.1243348e-005,
  2.2500000e+004,  2.0069155e-005,
  2.2750000e+004,  1.8972705e-005,
  2.3000000e+004,  2.0453159e-005,
  2.3250000e+004,  2.1257732e-005,
  2.3500000e+004,  2.2019306e-005,
  2.3750000e+004,  2.3434155e-005,
  2.4000000e+004,  2.1826393e-005,
  2.4250000e+004,  1.9427564e-005,
  2.4500000e+004,  1.9205285e-005,
  2.4750000e+004,  2.1387633e-005,
  2.5000000e+004,  2.2932010e-005,
  2.5250000e+004,  2.1257732e-005,
  2.5500000e+004,  2.0260249e-005,
  2.5750000e+004,  2.1679148e-005,
  2.6000000e+004,  2.3577355e-005,
  2.6250000e+004,  2.6345527e-005,
  2.6500000e+004,  2.4838829e-005,
  2.6750000e+004,  2.1214609e-005,
  2.7000000e+004,  2.1344245e-005,
  2.7250000e+004,  2.0957693e-005,
  2.7500000e+004,  2.0606020e-005,
  2.7750000e+004,  2.0564219e-005,
  2.8000000e+004,  2.1228974e-005,
  2.8250000e+004,  2.1620530e-005,
  2.8500000e+004,  2.0943511e-005,
  2.8750000e+004,  2.0384054e-005,
  2.9000000e+004,  2.0522499e-005,
  2.9250000e+004,  1.9732393e-005,
  2.9500000e+004,  2.0287695e-005,
  2.9750000e+004,  2.0453159e-005,
  3.0000000e+004,  1.9361921e-005,
  3.0250000e+004,  1.9572759e-005,
  3.0500000e+004,  2.0886882e-005,
  3.0750000e+004,  2.2963076e-005,
  3.1000000e+004,  4.1267868e-005,
  3.1250000e+004,  6.4511220e-005,
  3.1500000e+004,  5.2655397e-005,
  3.1750000e+004,  2.7160373e-005,
  3.2000000e+004,  2.1752647e-005,
  3.2250000e+004,  2.1128624e-005,
  3.2500000e+004,  1.9719040e-005,
  3.2750000e+004,  1.8730256e-005,
  3.3000000e+004,  1.9759124e-005,
  3.3250000e+004,  2.0886882e-005,
  3.3500000e+004,  1.9283445e-005,
  3.3750000e+004,  1.9960772e-005,
  3.4000000e+004,  2.0929340e-005,
  3.4250000e+004,  2.0055575e-005,
  3.4500000e+004,  2.0082745e-005,
  3.4750000e+004,  2.1042985e-005,
  3.5000000e+004,  2.0301433e-005,
  3.5250000e+004,  1.9453882e-005,
  3.5500000e+004,  1.9270397e-005,
  3.5750000e+004,  1.9759124e-005,
  3.6000000e+004,  2.0675881e-005,
  3.6250000e+004,  2.2049135e-005,
  3.6500000e+004,  2.1200254e-005,
  3.6750000e+004,  2.0901025e-005,
  3.7000000e+004,  2.1228974e-005,
  3.7250000e+004,  2.0872749e-005,
  3.7500000e+004,  2.0647907e-005,
  3.7750000e+004,  2.0219146e-005,
  3.8000000e+004,  2.0619973e-005,
  3.8250000e+004,  1.9732393e-005,
  3.8500000e+004,  1.9692363e-005,
  3.8750000e+004,  2.0957693e-005,
  3.9000000e+004,  2.1228974e-005,
  3.9250000e+004,  2.0164476e-005,
  3.9500000e+004,  2.1387633e-005,
  3.9750000e+004,  2.1693828e-005,
  4.0000000e+004,  2.0232837e-005,
  4.0250000e+004,  2.0246539e-005,
  4.0500000e+004,  2.5973676e-005,
  4.0750000e+004,  3.1013786e-005,
  4.1000000e+004,  2.5991264e-005,
  4.1250000e+004,  2.1474674e-005,
  4.1500000e+004,  2.0178130e-005,
  4.1750000e+004,  1.9506626e-005,
  4.2000000e+004,  2.0760023e-005,
  4.2250000e+004,  2.0606020e-005,
  4.2500000e+004,  1.9453882e-005,
  4.2750000e+004,  1.9947265e-005,
  4.3000000e+004,  2.1416606e-005,
  4.3250000e+004,  2.1445622e-005,
  4.3500000e+004,  2.0606020e-005,
  4.3750000e+004,  2.0550304e-005,
  4.4000000e+004,  2.1257732e-005,
  4.4250000e+004,  1.8666970e-005,
  4.4500000e+004,  1.7599407e-005,
  4.4750000e+004,  1.8742939e-005,
  4.5000000e+004,  1.9037026e-005,
  4.5250000e+004,  2.0480867e-005,
  4.5500000e+004,  2.3465901e-005,
  4.5750000e+004,  2.2531948e-005,
  4.6000000e+004,  2.0328935e-005,
  4.6250000e+004,  1.9639115e-005,
  4.6500000e+004,  2.2259081e-005,
  4.6750000e+004,  3.4537965e-005,
  4.7000000e+004,  3.9278227e-005,
  4.7250000e+004,  2.7661331e-005,
  4.7500000e+004,  2.2213926e-005,
  4.7750000e+004,  2.0802223e-005,
  4.8000000e+004,  2.0915178e-005,
  4.8250000e+004,  2.1591280e-005,
  4.8500000e+004,  2.1200254e-005,
  4.8750000e+004,  2.0971884e-005,
  4.9000000e+004,  2.2049135e-005,
  4.9250000e+004,  2.2304328e-005,
  4.9500000e+004,  1.6041100e-002,
  4.9750000e+004,  1.9485287e-001,
  5.0000000e+004,  6.7521817e-001,
  5.0250000e+004,  9.9381006e-001,
  5.0500000e+004,  6.7796619e-001,
  5.0750000e+004,  1.9657504e-001,
  5.1000000e+004,  1.6303836e-002,
  5.1250000e+004,  1.9745754e-005,
  5.1500000e+004,  2.0731938e-005,
  5.1750000e+004,  2.0830406e-005,
  5.2000000e+004,  2.1028746e-005,
  5.2250000e+004,  2.1576668e-005,
  5.2500000e+004,  2.0150831e-005,
  5.2750000e+004,  2.0328935e-005,
  5.3000000e+004,  2.2839061e-005,
  5.3250000e+004,  2.3134695e-005,
  5.3500000e+004,  2.2486240e-005,
  5.3750000e+004,  2.0915178e-005,
  5.4000000e+004,  2.0717909e-005,
  5.4250000e+004,  2.0301433e-005,
  5.4500000e+004,  2.0232837e-005,
  5.4750000e+004,  2.4372485e-005,
  5.5000000e+004,  2.7086934e-005,
  5.5250000e+004,  2.4554637e-005,
  5.5500000e+004,  2.2349667e-005,
  5.5750000e+004,  2.0287695e-005,
  5.6000000e+004,  1.9401281e-005,
  5.6250000e+004,  1.9974288e-005,
  5.6500000e+004,  2.0717909e-005,
  5.6750000e+004,  2.0287695e-005,
  5.7000000e+004,  2.1228974e-005,
  5.7250000e+004,  2.2049135e-005,
  5.7500000e+004,  2.2213926e-005,
  5.7750000e+004,  2.2153860e-005,
  5.8000000e+004,  2.1708517e-005,
  5.8250000e+004,  2.1737925e-005,
  5.8500000e+004,  2.1841172e-005,
  5.8750000e+004,  2.0411668e-005,
  5.9000000e+004,  2.0232837e-005,
  5.9250000e+004,  2.1693828e-005,
  5.9500000e+004,  2.8382074e-005,
  5.9750000e+004,  3.4819653e-005,
  6.0000000e+004,  2.8886003e-005,
  6.0250000e+004,  2.1605900e-005,
  6.0500000e+004,  2.0536398e-005,
  6.0750000e+004,  2.1200254e-005,
  6.1000000e+004,  2.2531948e-005,
  6.1250000e+004,  2.2638966e-005,
  6.1500000e+004,  2.1796864e-005,
  6.1750000e+004,  2.1959768e-005,
  6.2000000e+004,  2.1974637e-005,
  6.2250000e+004,  2.4754905e-005,
  6.2500000e+004,  3.1735834e-005,
  6.2750000e+004,  2.9759273e-005,
  6.3000000e+004,  2.2471024e-005,
  6.3250000e+004,  2.0205465e-005,
  6.3500000e+004,  1.9974288e-005,
  6.3750000e+004,  2.0886882e-005,
  6.4000000e+004,  2.0745976e-005,
  6.4250000e+004,  2.0219146e-005,
  6.4500000e+004,  2.0578143e-005,
  6.4750000e+004,  2.1157247e-005,
  6.5000000e+004,  2.1171573e-005,
  6.5250000e+004,  2.2715719e-005,
  6.5500000e+004,  2.3801850e-005,
  6.5750000e+004,  2.2547208e-005,
  6.6000000e+004,  2.1445622e-005,
  6.6250000e+004,  2.1576668e-005,
  6.6500000e+004,  2.1915220e-005,
  6.6750000e+004,  2.2259081e-005,
  6.7000000e+004,  2.1826393e-005,
  6.7250000e+004,  2.1930059e-005,
  6.7500000e+004,  2.1402115e-005,
  6.7750000e+004,  2.0123570e-005,
  6.8000000e+004,  2.0830406e-005,
  6.8250000e+004,  2.1562068e-005,
  6.8500000e+004,  2.1445622e-005,
  6.8750000e+004,  2.2304328e-005,
  6.9000000e+004,  2.3882545e-005,
  6.9250000e+004,  2.5850898e-005,
  6.9500000e+004,  2.4257275e-005,
  6.9750000e+004,  2.1796864e-005,
  7.0000000e+004,  2.1679148e-005,
  7.0250000e+004,  2.2019306e-005,
  7.0500000e+004,  2.2138869e-005,
  7.0750000e+004,  2.2516702e-005,
  7.1000000e+004,  2.2319431e-005,
  7.1250000e+004,  2.1474674e-005,
  7.1500000e+004,  2.0915178e-005,
  7.1750000e+004,  2.0001347e-005,
  7.2000000e+004,  2.0356474e-005,
  7.2250000e+004,  2.1228974e-005,
  7.2500000e+004,  2.1767376e-005,
  7.2750000e+004,  2.1576668e-005,
  7.3000000e+004,  2.2244020e-005,
  7.3250000e+004,  2.2638966e-005,
  7.3500000e+004,  2.1796864e-005,
  7.3750000e+004,  2.4604553e-005,
  7.4000000e+004,  2.7586537e-005,
  7.4250000e+004,  2.4438567e-005,
  7.4500000e+004,  2.2577752e-005,
  7.4750000e+004,  2.1782115e-005,
  7.5000000e+004,  2.0986086e-005,
  7.5250000e+004,  2.0370258e-005,
  7.5500000e+004,  2.1000297e-005,
  7.5750000e+004,  2.2123888e-005,
  7.6000000e+004,  2.1286533e-005,
  7.6250000e+004,  2.0467009e-005,
  7.6500000e+004,  2.2123888e-005,
  7.6750000e+004,  2.3882545e-005,
  7.7000000e+004,  2.2168860e-005,
  7.7250000e+004,  2.0150831e-005,
  7.7500000e+004,  2.0082745e-005,
  7.7750000e+004,  2.0164476e-005,
  7.8000000e+004,  2.2684985e-005,
  7.8250000e+004,  2.5211492e-005,
  7.8500000e+004,  2.3119040e-005,
  7.8750000e+004,  2.2395101e-005,
  7.9000000e+004,  2.2034215e-005,
  7.9250000e+004,  2.1870760e-005,
  7.9500000e+004,  2.2274154e-005,
  7.9750000e+004,  2.1752647e-005,
  8.0000000e+004,  2.1591280e-005,
  8.0250000e+004,  2.2319431e-005,
  8.0500000e+004,  2.3166035e-005,
  8.0750000e+004,  2.3386616e-005,
  8.1000000e+004,  2.2963076e-005,
  8.1250000e+004,  2.2777306e-005,
  8.1500000e+004,  2.2854526e-005,
  8.1750000e+004,  2.1547477e-005,
  8.2000000e+004,  2.0164476e-005,
  8.2250000e+004,  1.9826113e-005,
  8.2500000e+004,  2.1576668e-005,
  8.2750000e+004,  2.1503766e-005,
  8.3000000e+004,  2.0522499e-005,
  8.3250000e+004,  2.0109953e-005,
  8.3500000e+004,  2.0592077e-005,
  8.3750000e+004,  2.0137196e-005,
  8.4000000e+004,  2.0858625e-005,
  8.4250000e+004,  2.2870004e-005,
  8.4500000e+004,  2.3931092e-005,
  8.4750000e+004,  2.3150360e-005,
  8.5000000e+004,  2.1562068e-005,
  8.5250000e+004,  2.0633935e-005,
  8.5500000e+004,  2.1431110e-005,
  8.5750000e+004,  2.1057233e-005,
  8.6000000e+004,  2.2079008e-005,
  8.6250000e+004,  2.3834094e-005,
  8.6500000e+004,  2.1885569e-005,
  8.6750000e+004,  2.1286533e-005,
  8.7000000e+004,  2.2079008e-005,
  8.7250000e+004,  2.2577752e-005,
  8.7500000e+004,  2.1944908e-005,
  8.7750000e+004,  2.1100037e-005,
  8.8000000e+004,  2.0356474e-005,
  8.8250000e+004,  2.0606020e-005,
  8.8500000e+004,  2.1171573e-005,
  8.8750000e+004,  2.1855961e-005,
  8.9000000e+004,  2.1974637e-005,
  8.9250000e+004,  2.1431110e-005,
  8.9500000e+004,  2.1562068e-005,
  8.9750000e+004,  2.1286533e-005,
  9.0000000e+004,  2.1387633e-005,
  9.0250000e+004,  2.0550304e-005,
  9.0500000e+004,  1.9101565e-005,
  9.0750000e+004,  1.9799289e-005,
  9.1000000e+004,  2.2228968e-005,
  9.1250000e+004,  2.2319431e-005,
  9.1500000e+004,  2.1974637e-005,
  9.1750000e+004,  2.2684985e-005,
  9.2000000e+004,  2.3947296e-005,
  9.2250000e+004,  2.3769649e-005,
  9.2500000e+004,  2.2153860e-005,
  9.2750000e+004,  2.0467009e-005,
  9.3000000e+004,  2.0536398e-005,
  9.3250000e+004,  2.1782115e-005,
  9.3500000e+004,  2.3072141e-005,
  9.3750000e+004,  2.3481791e-005,
  9.4000000e+004,  2.3593320e-005,
  9.4250000e+004,  2.3025334e-005,
  9.4500000e+004,  2.2183871e-005,
  9.4750000e+004,  2.1605900e-005,
  9.5000000e+004,  2.1649819e-005,
  9.5250000e+004,  2.2034215e-005,
  9.5500000e+004,  2.5903446e-005,
  9.5750000e+004,  3.0721269e-005,
  9.6000000e+004,  2.6904202e-005,
  9.6250000e+004,  2.3370791e-005,
  9.6500000e+004,  2.3545458e-005,
  9.6750000e+004,  2.3753565e-005,
  9.7000000e+004,  2.3545458e-005,
  9.7250000e+004,  2.3150360e-005,
  9.7500000e+004,  2.3931092e-005,
  9.7750000e+004,  2.3931092e-005,
  9.8000000e+004,  2.1796864e-005,
  9.8250000e+004,  2.2138869e-005,
  9.8500000e+004,  2.3370791e-005,
  9.8750000e+004,  2.2669635e-005,
  9.9000000e+004,  2.2064068e-005,
  9.9250000e+004,  2.1900391e-005,
  9.9500000e+004,  2.0564219e-005,
  9.9750000e+004,  2.0844511e-005,
