  0.0000000e+000,  2.8096059e-002,
  2.5000000e+002,  1.1743643e-004,
  5.0000000e+002,  4.2920284e-005,
  7.5000000e+002,  4.6836598e-005,
  1.0000000e+003,  2.8228794e-005,
  1.2500000e+003,  2.6831455e-005,
  1.5000000e+003,  2.4158955e-005,
  1.7500000e+003,  2.0802223e-005,
  2.0000000e+003,  2.0425489e-005,
  2.2500000e+003,  2.1100037e-005,
  2.5000000e+003,  1.9024144e-005,
  2.7500000e+003,  2.0619973e-005,
  3.0000000e+003,  1.9586013e-005,
  3.2500000e+003,  1.9480236e-005,
  3.5000000e+003,  1.8793755e-005,
  3.7500000e+003,  1.8033545e-005,
  4.0000000e+003,  1.7899767e-005,
  4.2500000e+003,  1.9506626e-005,
  4.5000000e+003,  1.8045758e-005,
  4.7500000e+003,  6.1985596e-005,
  5.0000000e+003,  1.7480679e-005,
  5.2500000e+003,  1.8870241e-005,
  5.5000000e+003,  1.7742946e-005,
  5.7500000e+003,  1.7803100e-005,
  6.0000000e+003,  1.8704917e-005,
  6.2500000e+003,  3.7241698e-004,
  6.5000000e+003,  1.8229918e-005,
  6.7500000e+003,  1.7948300e-005,
  7.0000000e+003,  1.8168324e-005,
  7.2500000e+003,  1.5921713e-005,
  7.5000000e+003,  1.8742939e-005,
  7.7500000e+003,  1.8033545e-005,
  8.0000000e+003,  1.8591310e-005,
  8.2500000e+003,  1.7433413e-005,
  8.5000000e+003,  1.7175721e-005,
  8.7500000e+003,  1.7960453e-005,
  9.0000000e+003,  1.7398045e-005,
  9.2500000e+003,  1.7730940e-005,
  9.5000000e+003,  1.8704917e-005,
  9.7500000e+003,  1.8266975e-005,
  1.0000000e+004,  1.8844712e-005,
  1.0250000e+004,  1.7327529e-005,
  1.0500000e+004,  1.6626627e-005,
  1.0750000e+004,  1.8106936e-005,
  1.1000000e+004,  1.9153356e-005,
  1.1250000e+004,  1.8341316e-005,
  1.1500000e+004,  1.9244326e-005,
  1.1750000e+004,  1.8844712e-005,
  1.2000000e+004,  1.8316503e-005,
  1.2250000e+004,  2.0014890e-005,
  1.2500000e+004,  7.7762864e-005,
  1.2750000e+004,  1.9037026e-005,
  1.3000000e+004,  1.8341316e-005,
  1.3250000e+004,  1.7851368e-005,
  1.3500000e+004,  1.8654338e-005,
  1.3750000e+004,  1.9283445e-005,
  1.4000000e+004,  2.0606020e-005,
  1.4250000e+004,  2.2289236e-005,
  1.4500000e+004,  2.1649819e-005,
  1.4750000e+004,  2.1460143e-005,
  1.5000000e+004,  2.4175314e-005,
  1.5250000e+004,  3.1564441e-005,
  1.5500000e+004,  7.2231906e-005,
  1.5750000e+004,  1.0431753e-004,
  1.6000000e+004,  3.4281754e-005,
  1.6250000e+004,  2.7086934e-005,
  1.6500000e+004,  2.1974637e-005,
  1.6750000e+004,  2.1693828e-005,
  1.7000000e+004,  2.1128624e-005,
  1.7250000e+004,  2.0150831e-005,
  1.7500000e+004,  1.9705697e-005,
  1.7750000e+004,  2.0123570e-005,
  1.8000000e+004,  1.9933766e-005,
  1.8250000e+004,  2.0480867e-005,
  1.8500000e+004,  1.8742939e-005,
  1.8750000e+004,  3.5606197e-005,
  1.9000000e+004,  2.0619973e-005,
  1.9250000e+004,  1.9679038e-005,
  1.9500000e+004,  2.0619973e-005,
  1.9750000e+004,  2.0453159e-005,
  2.0000000e+004,  1.8428428e-005,
  2.0250000e+004,  1.9533054e-005,
  2.0500000e+004,  2.0929340e-005,
  2.0750000e+004,  2.0069155e-005,
  2.1000000e+004,  2.1693828e-005,
  2.1250000e+004,  1.9852972e-005,
  2.1500000e+004,  2.1114324e-005,
  2.1750000e+004,  2.3307597e-005,
  2.2000000e+004,  1.9467055e-005,
  2.2250000e+004,  2.1286533e-005,
  2.2500000e+004,  1.9759124e-005,
  2.2750000e+004,  2.0522499e-005,
  2.3000000e+004,  2.1885569e-005,
  2.3250000e+004,  2.2138869e-005,
  2.3500000e+004,  2.1272127e-005,
  2.3750000e+004,  2.4637885e-005,
  2.4000000e+004,  2.0901025e-005,
  2.4250000e+004,  2.2034215e-005,
  2.4500000e+004,  2.1071492e-005,
  2.4750000e+004,  2.0731938e-005,
  2.5000000e+004,  2.1445622e-005,
  2.5250000e+004,  2.2304328e-005,
  2.5500000e+004,  2.2183871e-005,
  2.5750000e+004,  2.2501466e-005,
  2.6000000e+004,  2.1900391e-005,
  2.6250000e+004,  2.6203245e-005,
  2.6500000e+004,  2.4889319e-005,
  2.6750000e+004,  2.1532897e-005,
  2.7000000e+004,  2.1679148e-005,
  2.7250000e+004,  2.2885489e-005,
  2.7500000e+004,  2.3181721e-005,
  2.7750000e+004,  2.3418298e-005,
  2.8000000e+004,  2.2823607e-005,
  2.8250000e+004,  2.4604553e-005,
  2.8500000e+004,  2.1915220e-005,
  2.8750000e+004,  2.2577752e-005,
  2.9000000e+004,  2.3513601e-005,
  2.9250000e+004,  2.3931092e-005,
  2.9500000e+004,  2.3497691e-005,
  2.9750000e+004,  2.4175314e-005,
  3.0000000e+004,  2.5520554e-005,
  3.0250000e+004,  2.4754905e-005,
  3.0500000e+004,  2.5833406e-005,
  3.0750000e+004,  2.7511943e-005,
  3.1000000e+004,  2.7717559e-005,
  3.1250000e+004,  6.5081419e-005,
  3.1500000e+004,  2.8019385e-005,
  3.1750000e+004,  2.7623909e-005,
  3.2000000e+004,  2.6904202e-005,
  3.2250000e+004,  2.6524465e-005,
  3.2500000e+004,  2.7886934e-005,
  3.2750000e+004,  2.7886934e-005,
  3.3000000e+004,  2.9023199e-005,
  3.3250000e+004,  2.8343674e-005,
  3.3500000e+004,  2.8324495e-005,
  3.3750000e+004,  2.8691133e-005,
  3.4000000e+004,  2.7270908e-005,
  3.4250000e+004,  2.9961398e-005,
  3.4500000e+004,  2.8362869e-005,
  3.4750000e+004,  2.8247908e-005,
  3.5000000e+004,  2.8827404e-005,
  3.5250000e+004,  2.9161045e-005,
  3.5500000e+004,  2.9418788e-005,
  3.5750000e+004,  2.9458642e-005,
  3.6000000e+004,  3.1076829e-005,
  3.6250000e+004,  3.2806106e-005,
  3.6500000e+004,  3.1351502e-005,
  3.6750000e+004,  3.1821880e-005,
  3.7000000e+004,  3.2277457e-005,
  3.7250000e+004,  3.2695259e-005,
  3.7500000e+004,  3.4258556e-005,
  3.7750000e+004,  3.3843674e-005,
  3.8000000e+004,  3.5726913e-005,
  3.8250000e+004,  3.5127407e-005,
  3.8500000e+004,  3.4514595e-005,
  3.8750000e+004,  3.6164878e-005,
  3.9000000e+004,  3.6435163e-005,
  3.9250000e+004,  3.9251653e-005,
  3.9500000e+004,  3.8934107e-005,
  3.9750000e+004,  4.0465672e-005,
  4.0000000e+004,  4.1604448e-005,
  4.0250000e+004,  4.1802052e-005,
  4.0500000e+004,  4.2601890e-005,
  4.0750000e+004,  5.0731102e-005,
  4.1000000e+004,  4.3949271e-005,
  4.1250000e+004,  4.5647216e-005,
  4.1500000e+004,  4.5124952e-005,
  4.1750000e+004,  4.7250565e-005,
  4.2000000e+004,  4.9175805e-005,
  4.2250000e+004,  5.0320698e-005,
  4.2500000e+004,  5.1947349e-005,
  4.2750000e+004,  5.2017722e-005,
  4.3000000e+004,  5.5247814e-005,
  4.3250000e+004,  5.6841043e-005,
  4.3500000e+004,  5.9518543e-005,
  4.3750000e+004,  6.1692582e-005,
  4.4000000e+004,  5.7889443e-005,
  4.4250000e+004,  6.5567818e-005,
  4.4500000e+004,  6.7870860e-005,
  4.4750000e+004,  7.1696071e-005,
  4.5000000e+004,  7.5124160e-005,
  4.5250000e+004,  7.9358151e-005,
  4.5500000e+004,  8.4514493e-005,
  4.5750000e+004,  8.8495552e-005,
  4.6000000e+004,  9.2852512e-005,
  4.6250000e+004,  9.7226334e-005,
  4.6500000e+004,  1.0389472e-004,
  4.6750000e+004,  1.1337469e-004,
  4.7000000e+004,  1.2472874e-004,
  4.7250000e+004,  1.2972303e-004,
  4.7500000e+004,  1.4446380e-004,
  4.7750000e+004,  1.5679419e-004,
  4.8000000e+004,  1.7579710e-004,
  4.8250000e+004,  1.9524404e-004,
  4.8500000e+004,  2.2415506e-004,
  4.8750000e+004,  2.6173922e-004,
  4.9000000e+004,  3.1358842e-004,
  4.9250000e+004,  3.9314021e-004,
  4.9500000e+004,  5.2347841e-004,
  4.9750000e+004,  7.8681303e-004,
  5.0000000e+004,  1.5704335e-003,
  5.0250000e+004,  9.9381006e-001,
  5.0500000e+004,  1.5768242e-003,
  5.0750000e+004,  7.8948039e-004,
  5.1000000e+004,  5.2560864e-004,
  5.1250000e+004,  3.9527489e-004,
  5.1500000e+004,  3.1721774e-004,
  5.1750000e+004,  2.6333858e-004,
  5.2000000e+004,  2.2567755e-004,
  5.2250000e+004,  1.9911454e-004,
  5.2500000e+004,  1.7544046e-004,
  5.2750000e+004,  1.5850157e-004,
  5.3000000e+004,  1.4822795e-004,
  5.3250000e+004,  1.3382582e-004,
  5.3500000e+004,  1.2371971e-004,
  5.3750000e+004,  1.1391318e-004,
  5.4000000e+004,  1.0718062e-004,
  5.4250000e+004,  1.0139355e-004,
  5.4500000e+004,  9.5142984e-005,
  5.4750000e+004,  9.0617180e-005,
  5.5000000e+004,  8.6775309e-005,
  5.5250000e+004,  8.2034458e-005,
  5.5500000e+004,  7.9681108e-005,
  5.5750000e+004,  7.3514396e-005,
  5.6000000e+004,  7.1502212e-005,
  5.6250000e+004,  6.8563510e-005,
  5.6500000e+004,  7.1212390e-005,
  5.6750000e+004,  6.4119418e-005,
  5.7000000e+004,  6.1901738e-005,
  5.7250000e+004,  5.9157050e-005,
  5.7500000e+004,  5.7460004e-005,
  5.7750000e+004,  5.7265856e-005,
  5.8000000e+004,  5.3917778e-005,
  5.8250000e+004,  5.2726729e-005,
  5.8500000e+004,  5.2158766e-005,
  5.8750000e+004,  4.8744972e-005,
  5.9000000e+004,  4.7410759e-005,
  5.9250000e+004,  4.7829800e-005,
  5.9500000e+004,  4.7410759e-005,
  5.9750000e+004,  4.9476305e-005,
  6.0000000e+004,  4.4397782e-005,
  6.0250000e+004,  4.5585461e-005,
  6.0500000e+004,  4.1943765e-005,
  6.0750000e+004,  4.0768109e-005,
  6.1000000e+004,  4.0934019e-005,
  6.1250000e+004,  4.0630360e-005,
  6.1500000e+004,  3.9464783e-005,
  6.1750000e+004,  3.9732831e-005,
  6.2000000e+004,  3.9411392e-005,
  6.2250000e+004,  3.6707469e-005,
  6.2500000e+004,  4.0768109e-005,
  6.2750000e+004,  3.8048286e-005,
  6.3000000e+004,  3.6140406e-005,
  6.3250000e+004,  3.5151193e-005,
  6.3500000e+004,  3.2430758e-005,
  6.3750000e+004,  3.3706502e-005,
  6.4000000e+004,  3.2717398e-005,
  6.4250000e+004,  3.2606855e-005,
  6.4500000e+004,  3.3006575e-005,
  6.4750000e+004,  3.2408813e-005,
  6.5000000e+004,  3.1118929e-005,
  6.5250000e+004,  3.2016332e-005,
  6.5500000e+004,  3.1864990e-005,
  6.5750000e+004,  3.0452114e-005,
  6.6000000e+004,  3.0001986e-005,
  6.6250000e+004,  2.9598555e-005,
  6.6500000e+004,  3.0534680e-005,
  6.6750000e+004,  3.0328688e-005,
  6.7000000e+004,  2.9458642e-005,
  6.7250000e+004,  2.9698903e-005,
  6.7500000e+004,  3.0493371e-005,
  6.7750000e+004,  2.8362869e-005,
  6.8000000e+004,  2.6238746e-005,
  6.8250000e+004,  2.7586537e-005,
  6.8500000e+004,  2.7717559e-005,
  6.8750000e+004,  2.8382074e-005,
  6.9000000e+004,  2.6904202e-005,
  6.9250000e+004,  3.0083332e-005,
  6.9500000e+004,  2.5194432e-005,
  6.9750000e+004,  2.7642614e-005,
  7.0000000e+004,  2.7013694e-005,
  7.0250000e+004,  2.6958891e-005,
  7.0500000e+004,  2.5555127e-005,
  7.0750000e+004,  2.6795156e-005,
  7.1000000e+004,  2.5160348e-005,
  7.1250000e+004,  2.6650446e-005,
  7.1500000e+004,  2.4587904e-005,
  7.1750000e+004,  2.4788440e-005,
  7.2000000e+004,  2.5331236e-005,
  7.2250000e+004,  2.3529525e-005,
  7.2500000e+004,  2.4388990e-005,
  7.2750000e+004,  2.2885489e-005,
  7.3000000e+004,  2.2547208e-005,
  7.3250000e+004,  2.4738151e-005,
  7.3500000e+004,  2.3721430e-005,
  7.3750000e+004,  2.4224458e-005,
  7.4000000e+004,  2.9518524e-005,
  7.4250000e+004,  2.1591280e-005,
  7.4500000e+004,  2.2916492e-005,
  7.4750000e+004,  2.3785744e-005,
  7.5000000e+004,  2.3418298e-005,
  7.5250000e+004,  2.2684985e-005,
  7.5500000e+004,  2.2885489e-005,
  7.5750000e+004,  2.2410265e-005,
  7.6000000e+004,  2.3963511e-005,
  7.6250000e+004,  2.2623647e-005,
  7.6500000e+004,  2.1767376e-005,
  7.6750000e+004,  2.5058367e-005,
  7.7000000e+004,  2.1752647e-005,
  7.7250000e+004,  2.2700348e-005,
  7.7500000e+004,  2.1028746e-005,
  7.7750000e+004,  2.3228846e-005,
  7.8000000e+004,  2.0661888e-005,
  7.8250000e+004,  2.6578383e-005,
  7.8500000e+004,  2.1737925e-005,
  7.8750000e+004,  2.2577752e-005,
  7.9000000e+004,  1.9960772e-005,
  7.9250000e+004,  2.2198893e-005,
  7.9500000e+004,  2.1547477e-005,
  7.9750000e+004,  2.0830406e-005,
  8.0000000e+004,  2.1915220e-005,
  8.0250000e+004,  2.3166035e-005,
  8.0500000e+004,  2.1620530e-005,
  8.0750000e+004,  2.0802223e-005,
  8.1000000e+004,  2.1974637e-005,
  8.1250000e+004,  2.0703890e-005,
  8.1500000e+004,  2.2379947e-005,
  8.1750000e+004,  2.1445622e-005,
  8.2000000e+004,  2.0592077e-005,
  8.2250000e+004,  2.0301433e-005,
  8.2500000e+004,  1.9987813e-005,
  8.2750000e+004,  2.0494735e-005,
  8.3000000e+004,  2.1445622e-005,
  8.3250000e+004,  2.0205465e-005,
  8.3500000e+004,  2.0014890e-005,
  8.3750000e+004,  1.9533054e-005,
  8.4000000e+004,  2.0858625e-005,
  8.4250000e+004,  1.8616496e-005,
  8.4500000e+004,  1.9759124e-005,
  8.4750000e+004,  2.1959768e-005,
  8.5000000e+004,  1.9519837e-005,
  8.5250000e+004,  1.8341316e-005,
  8.5500000e+004,  1.9296502e-005,
  8.5750000e+004,  1.9335727e-005,
  8.6000000e+004,  2.0425489e-005,
  8.6250000e+004,  2.2700348e-005,
  8.6500000e+004,  1.9599275e-005,
  8.6750000e+004,  1.9179303e-005,
  8.7000000e+004,  2.1114324e-005,
  8.7250000e+004,  1.9866415e-005,
  8.7500000e+004,  2.0082745e-005,
  8.7750000e+004,  1.9335727e-005,
  8.8000000e+004,  1.8316503e-005,
  8.8250000e+004,  2.0647907e-005,
  8.8500000e+004,  1.9839538e-005,
  8.8750000e+004,  1.9493427e-005,
  8.9000000e+004,  2.1300946e-005,
  8.9250000e+004,  1.9866415e-005,
  8.9500000e+004,  1.8934214e-005,
  8.9750000e+004,  2.0467009e-005,
  9.0000000e+004,  1.9427564e-005,
  9.0250000e+004,  1.9153356e-005,
  9.0500000e+004,  1.9559515e-005,
  9.0750000e+004,  1.9049916e-005,
  9.1000000e+004,  2.2410265e-005,
  9.1250000e+004,  1.9140395e-005,
  9.1500000e+004,  1.7766982e-005,
  9.1750000e+004,  1.8616496e-005,
  9.2000000e+004,  1.9745754e-005,
  9.2250000e+004,  1.8503426e-005,
  9.2500000e+004,  1.8168324e-005,
  9.2750000e+004,  1.9348819e-005,
  9.3000000e+004,  2.0802223e-005,
  9.3250000e+004,  1.9639115e-005,
  9.3500000e+004,  1.8629101e-005,
  9.3750000e+004,  1.9427564e-005,
  9.4000000e+004,  1.9427564e-005,
  9.4250000e+004,  1.9920277e-005,
  9.4500000e+004,  1.8021342e-005,
  9.4750000e+004,  1.8528493e-005,
  9.5000000e+004,  1.7887655e-005,
  9.5250000e+004,  2.0411668e-005,
  9.5500000e+004,  1.9283445e-005,
  9.5750000e+004,  3.2761724e-005,
  9.6000000e+004,  1.7210634e-005,
  9.6250000e+004,  1.9920277e-005,
  9.6500000e+004,  1.9772503e-005,
  9.6750000e+004,  1.9309568e-005,
  9.7000000e+004,  1.8692258e-005,
  9.7250000e+004,  1.7839289e-005,
  9.7500000e+004,  1.7839289e-005,
  9.7750000e+004,  2.1228974e-005,
  9.8000000e+004,  1.9453882e-005,
  9.8250000e+004,  1.9692363e-005,
  9.8500000e+004,  2.1489215e-005,
  9.8750000e+004,  1.7623249e-005,
  9.9000000e+004,  1.6944762e-005,
  9.9250000e+004,  1.8353736e-005,
  9.9500000e+004,  1.9024144e-005,
  9.9750000e+004,  1.7575597e-005,
