  0.0000000e+000,  2.8906270e-002,
  2.5000000e+002,  2.7906503e-002,
  5.0000000e+002,  1.8654795e-002,
  7.5000000e+002,  5.6178962e-003,
  1.0000000e+003,  4.2095819e-004,
  1.2500000e+003,  3.7842806e-005,
  1.5000000e+003,  3.2584791e-005,
  1.7500000e+003,  3.0390339e-005,
  2.0000000e+003,  2.9458642e-005,
  2.2500000e+003,  2.9339240e-005,
  2.5000000e+003,  2.8807898e-005,
  2.7500000e+003,  2.7549214e-005,
  3.0000000e+003,  2.7849206e-005,
  3.2500000e+003,  2.8171528e-005,
  3.5000000e+003,  2.8555506e-005,
  3.7500000e+003,  2.9359106e-005,
  4.0000000e+003,  3.0001986e-005,
  4.2500000e+003,  4.4008809e-005,
  4.5000000e+003,  5.9397809e-005,
  4.7500000e+003,  6.1609120e-005,
  5.0000000e+003,  6.0986738e-005,
  5.2500000e+003,  4.7282554e-005,
  5.5000000e+003,  8.1205720e-005,
  5.7500000e+003,  2.4643645e-004,
  6.0000000e+003,  3.6815612e-004,
  6.2500000e+003,  3.8263833e-004,
  6.5000000e+003,  3.7015514e-004,
  6.7500000e+003,  2.4945746e-004,
  7.0000000e+003,  8.0385371e-005,
  7.2500000e+003,  2.9259909e-005,
  7.5000000e+003,  2.7943620e-005,
  7.7500000e+003,  2.6813299e-005,
  8.0000000e+003,  2.5520554e-005,
  8.2500000e+003,  2.6114712e-005,
  8.5000000e+003,  2.6578383e-005,
  8.7500000e+003,  2.7511943e-005,
  9.0000000e+003,  2.8671719e-005,
  9.2500000e+003,  2.9518524e-005,
  9.5000000e+003,  3.0185320e-005,
  9.7500000e+003,  3.0328688e-005,
  1.0000000e+004,  2.9658725e-005,
  1.0250000e+004,  2.8000425e-005,
  1.0500000e+004,  2.7344846e-005,
  1.0750000e+004,  2.6560398e-005,
  1.1000000e+004,  2.6079382e-005,
  1.1250000e+004,  2.6777025e-005,
  1.1500000e+004,  2.7680061e-005,
  1.1750000e+004,  3.3163339e-005,
  1.2000000e+004,  5.8917280e-005,
  1.2250000e+004,  7.9465658e-005,
  1.2500000e+004,  8.0113779e-005,
  1.2750000e+004,  7.6613413e-005,
  1.3000000e+004,  5.3917778e-005,
  1.3250000e+004,  2.9299548e-005,
  1.3500000e+004,  2.6940649e-005,
  1.3750000e+004,  2.8057343e-005,
  1.4000000e+004,  2.9339240e-005,
  1.4250000e+004,  2.9618600e-005,
  1.4500000e+004,  2.9961398e-005,
  1.4750000e+004,  3.1013786e-005,
  1.5000000e+004,  5.7889443e-005,
  1.5250000e+004,  1.1696043e-004,
  1.5500000e+004,  1.4089060e-004,
  1.5750000e+004,  1.4069999e-004,
  1.6000000e+004,  1.2363598e-004,
  1.6250000e+004,  6.6102574e-005,
  1.6500000e+004,  3.0185320e-005,
  1.6750000e+004,  2.9220324e-005,
  1.7000000e+004,  2.8866457e-005,
  1.7250000e+004,  2.7792711e-005,
  1.7500000e+004,  2.8228794e-005,
  1.7750000e+004,  2.8594193e-005,
  1.8000000e+004,  2.9200552e-005,
  1.8250000e+004,  3.3140899e-005,
  1.8500000e+004,  3.8802563e-005,
  1.8750000e+004,  4.0274394e-005,
  1.9000000e+004,  4.0165487e-005,
  1.9250000e+004,  3.4678525e-005,
  1.9500000e+004,  2.8886003e-005,
  1.9750000e+004,  2.7792711e-005,
  2.0000000e+004,  2.6686549e-005,
  2.0250000e+004,  2.6488581e-005,
  2.0500000e+004,  2.7868064e-005,
  2.0750000e+004,  2.8190604e-005,
  2.1000000e+004,  2.6904202e-005,
  2.1250000e+004,  2.6813299e-005,
  2.1500000e+004,  2.8190604e-005,
  2.1750000e+004,  2.9698903e-005,
  2.2000000e+004,  3.0267163e-005,
  2.2250000e+004,  2.9961398e-005,
  2.2500000e+004,  2.8671719e-005,
  2.2750000e+004,  2.7736327e-005,
  2.3000000e+004,  2.7141995e-005,
  2.3250000e+004,  2.7717559e-005,
  2.3500000e+004,  2.8171528e-005,
  2.3750000e+004,  2.8574845e-005,
  2.4000000e+004,  2.8807898e-005,
  2.4250000e+004,  2.8019385e-005,
  2.4500000e+004,  2.9141312e-005,
  2.4750000e+004,  3.0700481e-005,
  2.5000000e+004,  3.0825420e-005,
  2.5250000e+004,  3.0783718e-005,
  2.5500000e+004,  2.9860166e-005,
  2.5750000e+004,  2.9378985e-005,
  2.6000000e+004,  3.0783718e-005,
  2.6250000e+004,  3.1886566e-005,
  2.6500000e+004,  3.2739555e-005,
  2.6750000e+004,  3.2606855e-005,
  2.7000000e+004,  3.1013786e-005,
  2.7250000e+004,  2.9698903e-005,
  2.7500000e+004,  2.8478295e-005,
  2.7750000e+004,  2.8420523e-005,
  2.8000000e+004,  2.7605217e-005,
  2.8250000e+004,  2.6831455e-005,
  2.8500000e+004,  2.6686549e-005,
  2.8750000e+004,  2.7511943e-005,
  2.9000000e+004,  2.9042852e-005,
  2.9250000e+004,  3.0062976e-005,
  2.9500000e+004,  3.0971828e-005,
  2.9750000e+004,  3.0390339e-005,
  3.0000000e+004,  2.9498550e-005,
  3.0250000e+004,  2.8057343e-005,
  3.0500000e+004,  2.8866457e-005,
  3.0750000e+004,  4.5832982e-005,
  3.1000000e+004,  6.7185221e-005,
  3.1250000e+004,  7.0875775e-005,
  3.1500000e+004,  6.9216339e-005,
  3.1750000e+004,  5.3228779e-005,
  3.2000000e+004,  3.0514019e-005,
  3.2250000e+004,  2.6686549e-005,
  3.2500000e+004,  2.7418988e-005,
  3.2750000e+004,  2.8691133e-005,
  3.3000000e+004,  2.9920864e-005,
  3.3250000e+004,  3.0246679e-005,
  3.3500000e+004,  2.9638656e-005,
  3.3750000e+004,  2.8555506e-005,
  3.4000000e+004,  2.8886003e-005,
  3.4250000e+004,  2.9860166e-005,
  3.4500000e+004,  3.0555356e-005,
  3.4750000e+004,  3.0431508e-005,
  3.5000000e+004,  3.0144484e-005,
  3.5250000e+004,  2.9759273e-005,
  3.5500000e+004,  2.8846924e-005,
  3.5750000e+004,  2.7642614e-005,
  3.6000000e+004,  2.6560398e-005,
  3.6250000e+004,  2.8019385e-005,
  3.6500000e+004,  2.8209692e-005,
  3.6750000e+004,  2.6922419e-005,
  3.7000000e+004,  2.6203245e-005,
  3.7250000e+004,  2.5693890e-005,
  3.7500000e+004,  2.6416959e-005,
  3.7750000e+004,  2.7981479e-005,
  3.8000000e+004,  2.8827404e-005,
  3.8250000e+004,  2.8190604e-005,
  3.8500000e+004,  2.6777025e-005,
  3.8750000e+004,  2.5486029e-005,
  3.9000000e+004,  2.5468783e-005,
  3.9250000e+004,  2.6132394e-005,
  3.9500000e+004,  2.6940649e-005,
  3.9750000e+004,  2.6686549e-005,
  4.0000000e+004,  2.7755111e-005,
  4.0250000e+004,  3.2408813e-005,
  4.0500000e+004,  3.7587512e-005,
  4.0750000e+004,  3.7842806e-005,
  4.1000000e+004,  3.7359220e-005,
  4.1250000e+004,  3.2190178e-005,
  4.1500000e+004,  2.7511943e-005,
  4.1750000e+004,  2.6922419e-005,
  4.2000000e+004,  2.5815922e-005,
  4.2250000e+004,  2.4838829e-005,
  4.2500000e+004,  2.5058367e-005,
  4.2750000e+004,  2.6434846e-005,
  4.3000000e+004,  2.7437554e-005,
  4.3250000e+004,  2.7160373e-005,
  4.3500000e+004,  2.7605217e-005,
  4.3750000e+004,  2.8555506e-005,
  4.4000000e+004,  2.9339240e-005,
  4.4250000e+004,  2.9023199e-005,
  4.4500000e+004,  2.9082196e-005,
  4.4750000e+004,  2.9698903e-005,
  4.5000000e+004,  3.0929928e-005,
  4.5250000e+004,  3.2364968e-005,
  4.5500000e+004,  3.1140003e-005,
  4.5750000e+004,  3.0287658e-005,
  4.6000000e+004,  2.8247908e-005,
  4.6250000e+004,  2.8000425e-005,
  4.6500000e+004,  3.6484526e-005,
  4.6750000e+004,  4.3328959e-005,
  4.7000000e+004,  4.4128137e-005,
  4.7250000e+004,  4.2659602e-005,
  4.7500000e+004,  3.3365991e-005,
  4.7750000e+004,  2.7811530e-005,
  4.8000000e+004,  2.7943620e-005,
  4.8250000e+004,  2.8286175e-005,
  4.8500000e+004,  2.8944720e-005,
  4.8750000e+004,  2.8574845e-005,
  4.9000000e+004,  2.7717559e-005,
  4.9250000e+004,  1.3784280e-002,
  4.9500000e+004,  1.9171281e-001,
  4.9750000e+004,  6.3919301e-001,
  5.0000000e+004,  9.5813986e-001,
  5.0250000e+004,  9.9381006e-001,
  5.0500000e+004,  9.6008761e-001,
  5.0750000e+004,  6.4266371e-001,
  5.1000000e+004,  1.9380040e-001,
  5.1250000e+004,  1.4048030e-002,
  5.1500000e+004,  2.9638656e-005,
  5.1750000e+004,  3.0185320e-005,
  5.2000000e+004,  3.0658944e-005,
  5.2250000e+004,  2.9598555e-005,
  5.2500000e+004,  2.7849206e-005,
  5.2750000e+004,  2.7178767e-005,
  5.3000000e+004,  2.7924712e-005,
  5.3250000e+004,  2.8866457e-005,
  5.3500000e+004,  2.8613555e-005,
  5.3750000e+004,  3.0062976e-005,
  5.4000000e+004,  3.1714359e-005,
  5.4250000e+004,  3.2917325e-005,
  5.4500000e+004,  3.1607205e-005,
  5.4750000e+004,  2.9498550e-005,
  5.5000000e+004,  2.8343674e-005,
  5.5250000e+004,  2.7886934e-005,
  5.5500000e+004,  2.8095352e-005,
  5.5750000e+004,  2.9678807e-005,
  5.6000000e+004,  3.1203303e-005,
  5.6250000e+004,  3.0369775e-005,
  5.6500000e+004,  2.9023199e-005,
  5.6750000e+004,  2.8000425e-005,
  5.7000000e+004,  2.8247908e-005,
  5.7250000e+004,  2.8536184e-005,
  5.7500000e+004,  2.7886934e-005,
  5.7750000e+004,  2.7849206e-005,
  5.8000000e+004,  2.8613555e-005,
  5.8250000e+004,  2.9259909e-005,
  5.8500000e+004,  2.9082196e-005,
  5.8750000e+004,  2.8886003e-005,
  5.9000000e+004,  2.8886003e-005,
  5.9250000e+004,  3.3433816e-005,
  5.9500000e+004,  3.9251653e-005,
  5.9750000e+004,  4.0138313e-005,
  6.0000000e+004,  4.0301660e-005,
  6.0250000e+004,  3.5485893e-005,
  6.0500000e+004,  3.0267163e-005,
  6.0750000e+004,  2.9279722e-005,
  6.1000000e+004,  2.9220324e-005,
  6.1250000e+004,  3.0103702e-005,
  6.1500000e+004,  3.1013786e-005,
  6.1750000e+004,  3.1457793e-005,
  6.2000000e+004,  3.3433816e-005,
  6.2250000e+004,  3.6633004e-005,
  6.2500000e+004,  3.5654433e-005,
  6.2750000e+004,  3.5198816e-005,
  6.3000000e+004,  3.3096064e-005,
  6.3250000e+004,  3.0349225e-005,
  6.3500000e+004,  3.0185320e-005,
  6.3750000e+004,  3.0328688e-005,
  6.4000000e+004,  3.0452114e-005,
  6.4250000e+004,  2.9860166e-005,
  6.4500000e+004,  2.8944720e-005,
  6.4750000e+004,  2.8730001e-005,
  6.5000000e+004,  2.8652318e-005,
  6.5250000e+004,  2.8632930e-005,
  6.5500000e+004,  2.8632930e-005,
  6.5750000e+004,  2.9478589e-005,
  6.6000000e+004,  3.0472737e-005,
  6.6250000e+004,  3.1097872e-005,
  6.6500000e+004,  3.0721269e-005,
  6.6750000e+004,  3.0617467e-005,
  6.7000000e+004,  2.9658725e-005,
  6.7250000e+004,  2.9220324e-005,
  6.7500000e+004,  2.9638656e-005,
  6.7750000e+004,  2.9739136e-005,
  6.8000000e+004,  2.9220324e-005,
  6.8250000e+004,  2.9121594e-005,
  6.8500000e+004,  2.9779424e-005,
  6.8750000e+004,  3.0596749e-005,
  6.9000000e+004,  3.1757323e-005,
  6.9250000e+004,  3.1521739e-005,
  6.9500000e+004,  3.0514019e-005,
  6.9750000e+004,  3.0534680e-005,
  7.0000000e+004,  3.0638199e-005,
  7.0250000e+004,  2.9180790e-005,
  7.0500000e+004,  2.8401292e-005,
  7.0750000e+004,  2.7981479e-005,
  7.1000000e+004,  2.8768924e-005,
  7.1250000e+004,  3.0472737e-005,
  7.1500000e+004,  3.2540708e-005,
  7.1750000e+004,  3.1886566e-005,
  7.2000000e+004,  3.0431508e-005,
  7.2250000e+004,  2.9819766e-005,
  7.2500000e+004,  2.9003560e-005,
  7.2750000e+004,  2.8846924e-005,
  7.3000000e+004,  2.8497578e-005,
  7.3250000e+004,  2.8866457e-005,
  7.3500000e+004,  3.1800344e-005,
  7.3750000e+004,  3.5389939e-005,
  7.4000000e+004,  3.5558027e-005,
  7.4250000e+004,  3.4702006e-005,
  7.4500000e+004,  3.1778826e-005,
  7.4750000e+004,  2.9981685e-005,
  7.5000000e+004,  3.0555356e-005,
  7.5250000e+004,  3.2124877e-005,
  7.5500000e+004,  3.2452717e-005,
  7.5750000e+004,  3.1372734e-005,
  7.6000000e+004,  3.0369775e-005,
  7.6250000e+004,  2.9900618e-005,
  7.6500000e+004,  3.0185320e-005,
  7.6750000e+004,  3.0534680e-005,
  7.7000000e+004,  3.1479094e-005,
  7.7250000e+004,  3.0658944e-005,
  7.7500000e+004,  2.9981685e-005,
  7.7750000e+004,  2.9900618e-005,
  7.8000000e+004,  3.1097872e-005,
  7.8250000e+004,  3.0846293e-005,
  7.8500000e+004,  3.0929928e-005,
  7.8750000e+004,  3.0308166e-005,
  7.9000000e+004,  3.0062976e-005,
  7.9250000e+004,  2.9578527e-005,
  7.9500000e+004,  2.8749454e-005,
  7.9750000e+004,  2.8866457e-005,
  8.0000000e+004,  2.9638656e-005,
  8.0250000e+004,  2.9799588e-005,
  8.0500000e+004,  2.9558512e-005,
  8.0750000e+004,  2.8983935e-005,
  8.1000000e+004,  2.7792711e-005,
  8.1250000e+004,  2.7381893e-005,
  8.1500000e+004,  2.7868064e-005,
  8.1750000e+004,  2.9941124e-005,
  8.2000000e+004,  3.0721269e-005,
  8.2250000e+004,  3.0144484e-005,
  8.2500000e+004,  3.0022301e-005,
  8.2750000e+004,  3.0390339e-005,
  8.3000000e+004,  3.0888080e-005,
  8.3250000e+004,  3.1118929e-005,
  8.3500000e+004,  3.1393977e-005,
  8.3750000e+004,  3.2168396e-005,
  8.4000000e+004,  3.2783907e-005,
  8.4250000e+004,  3.3569882e-005,
  8.4500000e+004,  3.3163339e-005,
  8.4750000e+004,  3.1757323e-005,
  8.5000000e+004,  3.0867179e-005,
  8.5250000e+004,  3.0596749e-005,
  8.5500000e+004,  3.0825420e-005,
  8.5750000e+004,  3.1034786e-005,
  8.6000000e+004,  3.1994667e-005,
  8.6250000e+004,  3.2059708e-005,
  8.6500000e+004,  3.1266731e-005,
  8.6750000e+004,  3.0410916e-005,
  8.7000000e+004,  2.9458642e-005,
  8.7250000e+004,  2.7943620e-005,
  8.7500000e+004,  2.7474723e-005,
  8.7750000e+004,  2.7830362e-005,
  8.8000000e+004,  2.7943620e-005,
  8.8250000e+004,  2.9141312e-005,
  8.8500000e+004,  3.0846293e-005,
  8.8750000e+004,  3.1266731e-005,
  8.9000000e+004,  2.9860166e-005,
  8.9250000e+004,  2.8710560e-005,
  8.9500000e+004,  2.8536184e-005,
  8.9750000e+004,  2.9538511e-005,
  9.0000000e+004,  3.0493371e-005,
  9.0250000e+004,  3.0410916e-005,
  9.0500000e+004,  3.0267163e-005,
  9.0750000e+004,  3.0205759e-005,
  9.1000000e+004,  3.0328688e-005,
  9.1250000e+004,  3.0103702e-005,
  9.1500000e+004,  3.0721269e-005,
  9.1750000e+004,  3.1287902e-005,
  9.2000000e+004,  3.1757323e-005,
  9.2250000e+004,  3.1161089e-005,
  9.2500000e+004,  3.0452114e-005,
  9.2750000e+004,  2.9900618e-005,
  9.3000000e+004,  3.0846293e-005,
  9.3250000e+004,  3.3343414e-005,
  9.3500000e+004,  3.4985032e-005,
  9.3750000e+004,  3.4491240e-005,
  9.4000000e+004,  3.3320852e-005,
  9.4250000e+004,  3.2233786e-005,
  9.4500000e+004,  3.2474692e-005,
  9.4750000e+004,  3.2103139e-005,
  9.5000000e+004,  3.1203303e-005,
  9.5250000e+004,  3.2673136e-005,
  9.5500000e+004,  3.5726913e-005,
  9.5750000e+004,  3.7587512e-005,
  9.6000000e+004,  3.8358603e-005,
  9.6250000e+004,  3.6140406e-005,
  9.6500000e+004,  3.2364968e-005,
  9.6750000e+004,  3.1521739e-005,
  9.7000000e+004,  3.1118929e-005,
  9.7250000e+004,  3.0349225e-005,
  9.7500000e+004,  3.1013786e-005,
  9.7750000e+004,  3.1585817e-005,
  9.8000000e+004,  3.1821880e-005,
  9.8250000e+004,  3.1650023e-005,
  9.8500000e+004,  3.0390339e-005,
  9.8750000e+004,  3.1118929e-005,
  9.9000000e+004,  3.1372734e-005,
  9.9250000e+004,  3.0679704e-005,
  9.9500000e+004,  3.1055800e-005,
  9.9750000e+004,  5.5962960e-005,
