  0.0000000e+000,  2.9739871e-002,
  2.5000000e+002,  1.4869936e-002,
  5.0000000e+002,  4.8547403e-005,
  7.5000000e+002,  4.0934019e-005,
  1.0000000e+003,  2.8905562e-005,
  1.2500000e+003,  2.2228968e-005,
  1.5000000e+003,  1.9401281e-005,
  1.7500000e+003,  1.8591310e-005,
  2.0000000e+003,  1.8403497e-005,
  2.2500000e+003,  1.8528493e-005,
  2.5000000e+003,  1.9679038e-005,
  2.7500000e+003,  1.9719040e-005,
  3.0000000e+003,  1.8217583e-005,
  3.2500000e+003,  1.8428428e-005,
  3.5000000e+003,  1.7315804e-005,
  3.7500000e+003,  1.6933296e-005,
  4.0000000e+003,  1.6503287e-005,
  4.2500000e+003,  1.7791053e-005,
  4.5000000e+003,  3.2939614e-005,
  4.7500000e+003,  5.9639535e-005,
  5.0000000e+003,  3.3365991e-005,
  5.2500000e+003,  1.6887508e-005,
  5.5000000e+003,  1.5665145e-005,
  5.7500000e+003,  1.6671708e-005,
  6.0000000e+003,  1.9209777e-004,
  6.2500000e+003,  3.8108753e-004,
  6.5000000e+003,  1.9028596e-004,
  6.7500000e+003,  1.8242262e-005,
  7.0000000e+003,  1.7036771e-005,
  7.2500000e+003,  1.7233950e-005,
  7.5000000e+003,  1.7611324e-005,
  7.7500000e+003,  1.6887508e-005,
  8.0000000e+003,  1.5538415e-005,
  8.2500000e+003,  1.6682997e-005,
  8.5000000e+003,  1.7647123e-005,
  8.7500000e+003,  1.7059851e-005,
  9.0000000e+003,  1.7094529e-005,
  9.2500000e+003,  1.6469808e-005,
  9.5000000e+003,  1.7106104e-005,
  9.7500000e+003,  1.8070204e-005,
  1.0000000e+004,  1.6796307e-005,
  1.0250000e+004,  1.7106104e-005,
  1.0500000e+004,  1.7445217e-005,
  1.0750000e+004,  1.6716909e-005,
  1.1000000e+004,  1.7187351e-005,
  1.1250000e+004,  1.6739555e-005,
  1.1500000e+004,  1.6492120e-005,
  1.1750000e+004,  1.6910388e-005,
  1.2000000e+004,  1.7851368e-005,
  1.2250000e+004,  4.2891246e-005,
  1.2500000e+004,  7.8822779e-005,
  1.2750000e+004,  4.2544255e-005,
  1.3000000e+004,  1.7659074e-005,
  1.3250000e+004,  1.8229918e-005,
  1.3500000e+004,  1.7327529e-005,
  1.3750000e+004,  1.6796307e-005,
  1.4000000e+004,  1.8045758e-005,
  1.4250000e+004,  2.0178130e-005,
  1.4500000e+004,  1.7924018e-005,
  1.4750000e+004,  1.5360634e-005,
  1.5000000e+004,  1.7730940e-005,
  1.5250000e+004,  2.6416959e-005,
  1.5500000e+004,  1.0937938e-004,
  1.5750000e+004,  1.2363598e-004,
  1.6000000e+004,  3.5823777e-005,
  1.6250000e+004,  1.8304109e-005,
  1.6500000e+004,  1.7492515e-005,
  1.6750000e+004,  1.5857181e-005,
  1.7000000e+004,  1.6750890e-005,
  1.7250000e+004,  1.6581671e-005,
  1.7500000e+004,  1.6548033e-005,
  1.7750000e+004,  1.6248342e-005,
  1.8000000e+004,  1.6671708e-005,
  1.8250000e+004,  1.7551820e-005,
  1.8500000e+004,  2.2274154e-005,
  1.8750000e+004,  3.2190178e-005,
  1.9000000e+004,  2.2425439e-005,
  1.9250000e+004,  1.7198989e-005,
  1.9500000e+004,  1.7516212e-005,
  1.9750000e+004,  1.7575597e-005,
  2.0000000e+004,  1.7599407e-005,
  2.0250000e+004,  1.7587498e-005,
  2.0500000e+004,  1.7245619e-005,
  2.0750000e+004,  1.6637886e-005,
  2.1000000e+004,  1.6728228e-005,
  2.1250000e+004,  1.7362751e-005,
  2.1500000e+004,  1.8353736e-005,
  2.1750000e+004,  1.9127444e-005,
  2.2000000e+004,  1.9296502e-005,
  2.2250000e+004,  1.7827218e-005,
  2.2500000e+004,  1.6830450e-005,
  2.2750000e+004,  1.7304087e-005,
  2.3000000e+004,  1.7082961e-005,
  2.3250000e+004,  1.7504360e-005,
  2.3500000e+004,  1.7245619e-005,
  2.3750000e+004,  1.9987813e-005,
  2.4000000e+004,  1.6358700e-005,
  2.4250000e+004,  1.7129277e-005,
  2.4500000e+004,  1.7863456e-005,
  2.4750000e+004,  1.8742939e-005,
  2.5000000e+004,  2.0578143e-005,
  2.5250000e+004,  1.9440718e-005,
  2.5500000e+004,  1.7071402e-005,
  2.5750000e+004,  1.7492515e-005,
  2.6000000e+004,  1.8291721e-005,
  2.6250000e+004,  2.0774081e-005,
  2.6500000e+004,  2.1562068e-005,
  2.6750000e+004,  1.6979206e-005,
  2.7000000e+004,  1.6548033e-005,
  2.7250000e+004,  1.7539943e-005,
  2.7500000e+004,  1.6807680e-005,
  2.7750000e+004,  1.7386272e-005,
  2.8000000e+004,  1.6237347e-005,
  2.8250000e+004,  1.6503287e-005,
  2.8500000e+004,  1.6876081e-005,
  2.8750000e+004,  1.6095090e-005,
  2.9000000e+004,  1.7257297e-005,
  2.9250000e+004,  1.7257297e-005,
  2.9500000e+004,  1.8168324e-005,
  2.9750000e+004,  1.9244326e-005,
  3.0000000e+004,  1.8266975e-005,
  3.0250000e+004,  1.7539943e-005,
  3.0500000e+004,  1.7730940e-005,
  3.0750000e+004,  1.6898943e-005,
  3.1000000e+004,  3.0617467e-005,
  3.1250000e+004,  6.6147341e-005,
  3.1500000e+004,  4.4942046e-005,
  3.1750000e+004,  1.6570451e-005,
  3.2000000e+004,  1.8603899e-005,
  3.2250000e+004,  1.7984784e-005,
  3.2500000e+004,  1.6248342e-005,
  3.2750000e+004,  1.6084199e-005,
  3.3000000e+004,  1.8831960e-005,
  3.3250000e+004,  2.1214609e-005,
  3.3500000e+004,  1.8106936e-005,
  3.3750000e+004,  1.7268982e-005,
  3.4000000e+004,  1.7398045e-005,
  3.4250000e+004,  1.6660425e-005,
  3.4500000e+004,  1.6898943e-005,
  3.4750000e+004,  1.7386272e-005,
  3.5000000e+004,  1.7504360e-005,
  3.5250000e+004,  1.6898943e-005,
  3.5500000e+004,  1.7984784e-005,
  3.5750000e+004,  1.7036771e-005,
  3.6000000e+004,  1.5857181e-005,
  3.6250000e+004,  1.6864662e-005,
  3.6500000e+004,  1.7575597e-005,
  3.6750000e+004,  1.8033545e-005,
  3.7000000e+004,  1.9719040e-005,
  3.7250000e+004,  1.8591310e-005,
  3.7500000e+004,  1.6864662e-005,
  3.7750000e+004,  1.7222288e-005,
  3.8000000e+004,  1.7292378e-005,
  3.8250000e+004,  1.6898943e-005,
  3.8500000e+004,  1.7803100e-005,
  3.8750000e+004,  1.7245619e-005,
  3.9000000e+004,  1.6592898e-005,
  3.9250000e+004,  1.7245619e-005,
  3.9500000e+004,  1.7587498e-005,
  3.9750000e+004,  1.7059851e-005,
  4.0000000e+004,  1.7924018e-005,
  4.0250000e+004,  1.7164099e-005,
  4.0500000e+004,  2.1591280e-005,
  4.0750000e+004,  3.0846293e-005,
  4.1000000e+004,  2.2244020e-005,
  4.1250000e+004,  1.7433413e-005,
  4.1500000e+004,  1.8205256e-005,
  4.1750000e+004,  1.8566159e-005,
  4.2000000e+004,  1.7210634e-005,
  4.2250000e+004,  1.7082961e-005,
  4.2500000e+004,  1.6967717e-005,
  4.2750000e+004,  1.6921838e-005,
  4.3000000e+004,  1.6682997e-005,
  4.3250000e+004,  1.7362751e-005,
  4.3500000e+004,  1.6762232e-005,
  4.3750000e+004,  1.6728228e-005,
  4.4000000e+004,  1.8819215e-005,
  4.4250000e+004,  1.7152484e-005,
  4.4500000e+004,  1.6391953e-005,
  4.4750000e+004,  1.8009148e-005,
  4.5000000e+004,  1.7280677e-005,
  4.5250000e+004,  1.9011271e-005,
  4.5500000e+004,  2.0273967e-005,
  4.5750000e+004,  1.6807680e-005,
  4.6000000e+004,  1.7948300e-005,
  4.6250000e+004,  1.7539943e-005,
  4.6500000e+004,  1.7268982e-005,
  4.6750000e+004,  2.9220324e-005,
  4.7000000e+004,  3.7971100e-005,
  4.7250000e+004,  2.1620530e-005,
  4.7500000e+004,  2.0858625e-005,
  4.7750000e+004,  1.8629101e-005,
  4.8000000e+004,  1.7671032e-005,
  4.8250000e+004,  1.8082440e-005,
  4.8500000e+004,  1.9440718e-005,
  4.8750000e+004,  1.9772503e-005,
  4.9000000e+004,  2.1885569e-005,
  4.9250000e+004,  3.1013786e-005,
  4.9500000e+004,  6.9029185e-005,
  4.9750000e+004,  2.6067831e-004,
  5.0000000e+004,  4.9522621e-001,
  5.0250000e+004,  9.9381006e-001,
  5.0500000e+004,  4.9858961e-001,
  5.0750000e+004,  2.6638645e-004,
  5.1000000e+004,  6.7779039e-005,
  5.1250000e+004,  3.2695259e-005,
  5.1500000e+004,  2.1489215e-005,
  5.1750000e+004,  1.8168324e-005,
  5.2000000e+004,  1.8070204e-005,
  5.2250000e+004,  2.0816309e-005,
  5.2500000e+004,  2.0606020e-005,
  5.2750000e+004,  1.8021342e-005,
  5.3000000e+004,  1.8616496e-005,
  5.3250000e+004,  1.7374508e-005,
  5.3500000e+004,  1.7815155e-005,
  5.3750000e+004,  1.9388153e-005,
  5.4000000e+004,  1.9075723e-005,
  5.4250000e+004,  1.9166325e-005,
  5.4500000e+004,  1.9388153e-005,
  5.4750000e+004,  2.2440624e-005,
  5.5000000e+004,  2.2654295e-005,
  5.5250000e+004,  1.9101565e-005,
  5.5500000e+004,  1.8378599e-005,
  5.5750000e+004,  1.8666970e-005,
  5.6000000e+004,  1.8578730e-005,
  5.6250000e+004,  1.9906798e-005,
  5.6500000e+004,  2.0816309e-005,
  5.6750000e+004,  2.0150831e-005,
  5.7000000e+004,  1.9559515e-005,
  5.7250000e+004,  1.9401281e-005,
  5.7500000e+004,  1.9205285e-005,
  5.7750000e+004,  1.8666970e-005,
  5.8000000e+004,  1.8768330e-005,
  5.8250000e+004,  1.9140395e-005,
  5.8500000e+004,  1.8578730e-005,
  5.8750000e+004,  1.7742946e-005,
  5.9000000e+004,  1.7094529e-005,
  5.9250000e+004,  1.9011271e-005,
  5.9500000e+004,  2.3370791e-005,
  5.9750000e+004,  3.1266731e-005,
  6.0000000e+004,  2.2004406e-005,
  6.0250000e+004,  1.8415958e-005,
  6.0500000e+004,  1.7623249e-005,
  6.0750000e+004,  1.8070204e-005,
  6.1000000e+004,  1.8131466e-005,
  6.1250000e+004,  1.8755630e-005,
  6.1500000e+004,  1.7827218e-005,
  6.1750000e+004,  1.6380861e-005,
  6.2000000e+004,  1.8291721e-005,
  6.2250000e+004,  2.0578143e-005,
  6.2500000e+004,  2.9378985e-005,
  6.2750000e+004,  2.5007534e-005,
  6.3000000e+004,  1.9732393e-005,
  6.3250000e+004,  1.9062815e-005,
  6.3500000e+004,  1.9127444e-005,
  6.3750000e+004,  1.9759124e-005,
  6.4000000e+004,  1.8641716e-005,
  6.4250000e+004,  1.7863456e-005,
  6.4500000e+004,  1.9218289e-005,
  6.4750000e+004,  1.9826113e-005,
  6.5000000e+004,  1.9933766e-005,
  6.5250000e+004,  1.9375031e-005,
  6.5500000e+004,  1.8742939e-005,
  6.5750000e+004,  1.8490906e-005,
  6.6000000e+004,  1.8478394e-005,
  6.6250000e+004,  1.8082440e-005,
  6.6500000e+004,  1.9467055e-005,
  6.6750000e+004,  1.8094684e-005,
  6.7000000e+004,  1.7839289e-005,
  6.7250000e+004,  1.7875551e-005,
  6.7500000e+004,  1.7623249e-005,
  6.7750000e+004,  1.7292378e-005,
  6.8000000e+004,  1.7754960e-005,
  6.8250000e+004,  1.7803100e-005,
  6.8500000e+004,  1.8180626e-005,
  6.8750000e+004,  1.9101565e-005,
  6.9000000e+004,  1.9947265e-005,
  6.9250000e+004,  2.2410265e-005,
  6.9500000e+004,  1.9257357e-005,
  6.9750000e+004,  1.9062815e-005,
  7.0000000e+004,  1.9612546e-005,
  7.0250000e+004,  1.9599275e-005,
  7.0500000e+004,  1.8742939e-005,
  7.0750000e+004,  1.7960453e-005,
  7.1000000e+004,  1.8057977e-005,
  7.1250000e+004,  1.8679609e-005,
  7.1500000e+004,  1.8781038e-005,
  7.1750000e+004,  1.9745754e-005,
  7.2000000e+004,  1.9519837e-005,
  7.2250000e+004,  1.7647123e-005,
  7.2500000e+004,  1.7623249e-005,
  7.2750000e+004,  1.9205285e-005,
  7.3000000e+004,  1.8972705e-005,
  7.3250000e+004,  1.7682997e-005,
  7.3500000e+004,  1.8578730e-005,
  7.3750000e+004,  2.1591280e-005,
  7.4000000e+004,  2.7326343e-005,
  7.4250000e+004,  2.0943511e-005,
  7.4500000e+004,  1.8857472e-005,
  7.4750000e+004,  1.8616496e-005,
  7.5000000e+004,  1.8378599e-005,
  7.5250000e+004,  1.8366163e-005,
  7.5500000e+004,  1.9388153e-005,
  7.5750000e+004,  1.9218289e-005,
  7.6000000e+004,  1.8578730e-005,
  7.6250000e+004,  1.8378599e-005,
  7.6500000e+004,  1.8870241e-005,
  7.6750000e+004,  2.1214609e-005,
  7.7000000e+004,  2.0592077e-005,
  7.7250000e+004,  1.9205285e-005,
  7.7500000e+004,  1.7887655e-005,
  7.7750000e+004,  1.8428428e-005,
  7.8000000e+004,  2.0633935e-005,
  7.8250000e+004,  2.2034215e-005,
  7.8500000e+004,  2.0109953e-005,
  7.8750000e+004,  2.1286533e-005,
  7.9000000e+004,  1.8972705e-005,
  7.9250000e+004,  1.8883018e-005,
  7.9500000e+004,  1.9375031e-005,
  7.9750000e+004,  1.9166325e-005,
  8.0000000e+004,  1.8819215e-005,
  8.0250000e+004,  1.8478394e-005,
  8.0500000e+004,  1.7575597e-005,
  8.0750000e+004,  1.7025241e-005,
  8.1000000e+004,  1.9127444e-005,
  8.1250000e+004,  2.0246539e-005,
  8.1500000e+004,  2.0328935e-005,
  8.1750000e+004,  1.9839538e-005,
  8.2000000e+004,  1.9049916e-005,
  8.2250000e+004,  1.8857472e-005,
  8.2500000e+004,  1.7754960e-005,
  8.2750000e+004,  1.8515956e-005,
  8.3000000e+004,  1.9533054e-005,
  8.3250000e+004,  1.8819215e-005,
  8.3500000e+004,  1.8217583e-005,
  8.3750000e+004,  1.9467055e-005,
  8.4000000e+004,  1.9011271e-005,
  8.4250000e+004,  1.8415958e-005,
  8.4500000e+004,  1.8021342e-005,
  8.4750000e+004,  1.6819061e-005,
  8.5000000e+004,  1.7409827e-005,
  8.5250000e+004,  1.8768330e-005,
  8.5500000e+004,  1.8781038e-005,
  8.5750000e+004,  1.8082440e-005,
  8.6000000e+004,  2.0178130e-005,
  8.6250000e+004,  2.2123888e-005,
  8.6500000e+004,  1.8341316e-005,
  8.6750000e+004,  1.8934214e-005,
  8.7000000e+004,  2.0001347e-005,
  8.7250000e+004,  1.7730940e-005,
  8.7500000e+004,  1.6728228e-005,
  8.7750000e+004,  1.6830450e-005,
  8.8000000e+004,  1.7551820e-005,
  8.8250000e+004,  1.7528075e-005,
  8.8500000e+004,  1.7730940e-005,
  8.8750000e+004,  1.7899767e-005,
  8.9000000e+004,  1.7575597e-005,
  8.9250000e+004,  1.7924018e-005,
  8.9500000e+004,  1.8254614e-005,
  8.9750000e+004,  1.9049916e-005,
  9.0000000e+004,  1.9533054e-005,
  9.0250000e+004,  1.9075723e-005,
  9.0500000e+004,  1.7887655e-005,
  9.0750000e+004,  1.9652413e-005,
  9.1000000e+004,  2.1214609e-005,
  9.1250000e+004,  1.9705697e-005,
  9.1500000e+004,  1.9987813e-005,
  9.1750000e+004,  1.8366163e-005,
  9.2000000e+004,  1.7516212e-005,
  9.2250000e+004,  1.9335727e-005,
  9.2500000e+004,  1.9296502e-005,
  9.2750000e+004,  1.8192937e-005,
  9.3000000e+004,  1.9296502e-005,
  9.3250000e+004,  1.7791053e-005,
  9.3500000e+004,  1.9388153e-005,
  9.3750000e+004,  2.1737925e-005,
  9.4000000e+004,  2.1257732e-005,
  9.4250000e+004,  1.9933766e-005,
  9.4500000e+004,  1.8857472e-005,
  9.4750000e+004,  1.8998407e-005,
  9.5000000e+004,  1.7996962e-005,
  9.5250000e+004,  1.8844712e-005,
  9.5500000e+004,  2.2244020e-005,
  9.5750000e+004,  3.1118929e-005,
  9.6000000e+004,  2.4637885e-005,
  9.6250000e+004,  2.0633935e-005,
  9.6500000e+004,  2.0731938e-005,
  9.6750000e+004,  1.8793755e-005,
  9.7000000e+004,  1.8070204e-005,
  9.7250000e+004,  1.8844712e-005,
  9.7500000e+004,  1.9205285e-005,
  9.7750000e+004,  2.0661888e-005,
  9.8000000e+004,  1.8844712e-005,
  9.8250000e+004,  1.8279344e-005,
  9.8500000e+004,  2.0536398e-005,
  9.8750000e+004,  1.8119197e-005,
  9.9000000e+004,  1.8503426e-005,
  9.9250000e+004,  1.8180626e-005,
  9.9500000e+004,  1.9049916e-005,
  9.9750000e+004,  1.8895804e-005,
