  0.0000000e+000,  2.9280461e-002,
  2.5000000e+002,  2.8248615e-002,
  5.0000000e+002,  1.8883489e-002,
  7.5000000e+002,  5.6983251e-003,
  1.0000000e+003,  4.3017602e-004,
  1.2500000e+003,  4.0274394e-005,
  1.5000000e+003,  3.3456458e-005,
  1.7500000e+003,  3.2081416e-005,
  2.0000000e+003,  3.1864990e-005,
  2.2500000e+003,  3.0971828e-005,
  2.5000000e+003,  2.9578527e-005,
  2.7500000e+003,  2.8247908e-005,
  3.0000000e+003,  2.7886934e-005,
  3.2500000e+003,  2.8652318e-005,
  3.5000000e+003,  2.9819766e-005,
  3.7500000e+003,  3.0349225e-005,
  4.0000000e+003,  3.0083332e-005,
  4.2500000e+003,  2.9518524e-005,
  4.5000000e+003,  2.7924712e-005,
  4.7500000e+003,  3.4725504e-005,
  5.0000000e+003,  5.4431169e-005,
  5.2500000e+003,  6.2280003e-005,
  5.5000000e+003,  9.6113937e-005,
  5.7500000e+003,  2.5166235e-004,
  6.0000000e+003,  3.6940420e-004,
  6.2500000e+003,  3.8212075e-004,
  6.5000000e+003,  3.6815612e-004,
  6.7500000e+003,  2.4643645e-004,
  7.0000000e+003,  7.7815527e-005,
  7.2500000e+003,  2.9438708e-005,
  7.5000000e+003,  2.8632930e-005,
  7.7500000e+003,  2.8076341e-005,
  8.0000000e+003,  2.8095352e-005,
  8.2500000e+003,  2.7962545e-005,
  8.5000000e+003,  2.8209692e-005,
  8.7500000e+003,  2.7623909e-005,
  9.0000000e+003,  2.8000425e-005,
  9.2500000e+003,  2.8057343e-005,
  9.5000000e+003,  2.7943620e-005,
  9.7500000e+003,  2.8019385e-005,
  1.0000000e+004,  2.8095352e-005,
  1.0250000e+004,  2.7943620e-005,
  1.0500000e+004,  2.8190604e-005,
  1.0750000e+004,  2.7474723e-005,
  1.1000000e+004,  2.7252455e-005,
  1.1250000e+004,  2.6416959e-005,
  1.1500000e+004,  2.5763552e-005,
  1.1750000e+004,  2.9759273e-005,
  1.2000000e+004,  5.6725741e-005,
  1.2250000e+004,  8.0113779e-005,
  1.2500000e+004,  8.2424089e-005,
  1.2750000e+004,  7.9897142e-005,
  1.3000000e+004,  5.7033751e-005,
  1.3250000e+004,  3.0349225e-005,
  1.3500000e+004,  2.5991264e-005,
  1.3750000e+004,  2.6363366e-005,
  1.4000000e+004,  2.6885997e-005,
  1.4250000e+004,  2.7234015e-005,
  1.4500000e+004,  2.7252455e-005,
  1.4750000e+004,  2.9259909e-005,
  1.5000000e+004,  5.7732916e-005,
  1.5250000e+004,  1.1719819e-004,
  1.5500000e+004,  1.4031955e-004,
  1.5750000e+004,  1.3975079e-004,
  1.6000000e+004,  1.2238699e-004,
  1.6250000e+004,  6.5257870e-005,
  1.6500000e+004,  2.9259909e-005,
  1.6750000e+004,  2.6524465e-005,
  1.7000000e+004,  2.7363365e-005,
  1.7250000e+004,  2.8671719e-005,
  1.7500000e+004,  3.0185320e-005,
  1.7750000e+004,  3.0555356e-005,
  1.8000000e+004,  3.0658944e-005,
  1.8250000e+004,  3.3433816e-005,
  1.8500000e+004,  3.8855129e-005,
  1.8750000e+004,  4.0850975e-005,
  1.9000000e+004,  4.0685402e-005,
  1.9250000e+004,  3.6018297e-005,
  1.9500000e+004,  3.1372734e-005,
  1.9750000e+004,  2.9319387e-005,
  2.0000000e+004,  2.8439767e-005,
  2.0250000e+004,  2.8114376e-005,
  2.0500000e+004,  2.8076341e-005,
  2.0750000e+004,  2.7456132e-005,
  2.1000000e+004,  2.6560398e-005,
  2.1250000e+004,  2.6977148e-005,
  2.1500000e+004,  2.7031986e-005,
  2.1750000e+004,  2.7326343e-005,
  2.2000000e+004,  2.7270908e-005,
  2.2250000e+004,  2.6560398e-005,
  2.2500000e+004,  2.6434846e-005,
  2.2750000e+004,  2.7962545e-005,
  2.3000000e+004,  2.8944720e-005,
  2.3250000e+004,  2.8788404e-005,
  2.3500000e+004,  2.8497578e-005,
  2.3750000e+004,  2.7197171e-005,
  2.4000000e+004,  2.7623909e-005,
  2.4250000e+004,  2.6995415e-005,
  2.4500000e+004,  2.7943620e-005,
  2.4750000e+004,  3.0328688e-005,
  2.5000000e+004,  3.0369775e-005,
  2.5250000e+004,  3.0576046e-005,
  2.5500000e+004,  2.9558512e-005,
  2.5750000e+004,  2.9180790e-005,
  2.6000000e+004,  3.0022301e-005,
  2.6250000e+004,  2.9880385e-005,
  2.6500000e+004,  3.0908995e-005,
  2.6750000e+004,  3.0514019e-005,
  2.7000000e+004,  2.9678807e-005,
  2.7250000e+004,  2.9240110e-005,
  2.7500000e+004,  2.9023199e-005,
  2.7750000e+004,  2.8827404e-005,
  2.8000000e+004,  2.7943620e-005,
  2.8250000e+004,  2.8574845e-005,
  2.8500000e+004,  2.9920864e-005,
  2.8750000e+004,  3.0124086e-005,
  2.9000000e+004,  2.8827404e-005,
  2.9250000e+004,  2.6452746e-005,
  2.9500000e+004,  2.6292082e-005,
  2.9750000e+004,  2.6614391e-005,
  3.0000000e+004,  2.6488581e-005,
  3.0250000e+004,  2.6614391e-005,
  3.0500000e+004,  2.8267035e-005,
  3.0750000e+004,  4.5155502e-005,
  3.1000000e+004,  6.6236951e-005,
  3.1250000e+004,  7.0302389e-005,
  3.1500000e+004,  6.8656393e-005,
  3.1750000e+004,  5.3409241e-005,
  3.2000000e+004,  3.1607205e-005,
  3.2250000e+004,  2.8190604e-005,
  3.2500000e+004,  2.8983935e-005,
  3.2750000e+004,  2.9719013e-005,
  3.3000000e+004,  2.9618600e-005,
  3.3250000e+004,  2.8000425e-005,
  3.3500000e+004,  2.7962545e-005,
  3.3750000e+004,  2.7924712e-005,
  3.4000000e+004,  2.7962545e-005,
  3.4250000e+004,  2.7736327e-005,
  3.4500000e+004,  2.7905816e-005,
  3.4750000e+004,  2.7811530e-005,
  3.5000000e+004,  2.7905816e-005,
  3.5250000e+004,  2.7437554e-005,
  3.5500000e+004,  2.7307852e-005,
  3.5750000e+004,  2.7943620e-005,
  3.6000000e+004,  2.8420523e-005,
  3.6250000e+004,  2.8133413e-005,
  3.6500000e+004,  2.7773905e-005,
  3.6750000e+004,  2.6238746e-005,
  3.7000000e+004,  2.6150089e-005,
  3.7250000e+004,  2.7418988e-005,
  3.7500000e+004,  2.8536184e-005,
  3.7750000e+004,  2.9518524e-005,
  3.8000000e+004,  3.0246679e-005,
  3.8250000e+004,  2.9023199e-005,
  3.8500000e+004,  2.8827404e-005,
  3.8750000e+004,  2.8905562e-005,
  3.9000000e+004,  3.2961918e-005,
  3.9250000e+004,  3.5032426e-005,
  3.9500000e+004,  3.5103638e-005,
  3.9750000e+004,  3.3479112e-005,
  4.0000000e+004,  2.8749454e-005,
  4.0250000e+004,  2.6995415e-005,
  4.0500000e+004,  2.7680061e-005,
  4.0750000e+004,  2.8925134e-005,
  4.1000000e+004,  2.9418788e-005,
  4.1250000e+004,  2.8478295e-005,
  4.1500000e+004,  2.7141995e-005,
  4.1750000e+004,  2.7456132e-005,
  4.2000000e+004,  2.7886934e-005,
  4.2250000e+004,  2.7811530e-005,
  4.2500000e+004,  2.7698804e-005,
  4.2750000e+004,  2.8324495e-005,
  4.3000000e+004,  2.7811530e-005,
  4.3250000e+004,  2.8324495e-005,
  4.3500000e+004,  2.8807898e-005,
  4.3750000e+004,  2.7736327e-005,
  4.4000000e+004,  2.8846924e-005,
  4.4250000e+004,  2.7830362e-005,
  4.4500000e+004,  2.8944720e-005,
  4.4750000e+004,  2.9518524e-005,
  4.5000000e+004,  3.0226212e-005,
  4.5250000e+004,  3.1266731e-005,
  4.5500000e+004,  2.9279722e-005,
  4.5750000e+004,  3.1650023e-005,
  4.6000000e+004,  3.2430758e-005,
  4.6250000e+004,  3.4374699e-005,
  4.6500000e+004,  4.3446434e-005,
  4.6750000e+004,  4.7732766e-005,
  4.7000000e+004,  4.9947406e-005,
  4.7250000e+004,  5.0868646e-005,
  4.7500000e+004,  4.7862181e-005,
  4.7750000e+004,  5.0015069e-005,
  4.8000000e+004,  5.5397604e-005,
  4.8250000e+004,  5.0150672e-005,
  4.8500000e+004,  2.9141312e-005,
  4.8750000e+004,  1.3519153e-004,
  4.9000000e+004,  8.4993285e-004,
  4.9250000e+004,  6.6418183e-002,
  4.9500000e+004,  3.9716205e-001,
  4.9750000e+004,  8.4364857e-001,
  5.0000000e+004,  9.9179390e-001,
  5.0250000e+004,  9.9246579e-001,
  5.0500000e+004,  8.4650861e-001,
  5.0750000e+004,  4.0013032e-001,
  5.1000000e+004,  6.7323484e-002,
  5.1250000e+004,  8.7978657e-004,
  5.1500000e+004,  1.3684882e-004,
  5.1750000e+004,  3.0185320e-005,
  5.2000000e+004,  5.2371032e-005,
  5.2250000e+004,  5.7149692e-005,
  5.2500000e+004,  5.0422981e-005,
  5.2750000e+004,  4.4699336e-005,
  5.3000000e+004,  4.1379764e-005,
  5.3250000e+004,  3.6238395e-005,
  5.3500000e+004,  3.5318147e-005,
  5.3750000e+004,  3.2408813e-005,
  5.4000000e+004,  3.2277457e-005,
  5.4250000e+004,  3.1351502e-005,
  5.4500000e+004,  3.0534680e-005,
  5.4750000e+004,  2.9558512e-005,
  5.5000000e+004,  3.0124086e-005,
  5.5250000e+004,  3.1821880e-005,
  5.5500000e+004,  3.1393977e-005,
  5.5750000e+004,  3.2016332e-005,
  5.6000000e+004,  3.0328688e-005,
  5.6250000e+004,  3.1118929e-005,
  5.6500000e+004,  3.0390339e-005,
  5.6750000e+004,  3.2299312e-005,
  5.7000000e+004,  3.1500409e-005,
  5.7250000e+004,  3.2146629e-005,
  5.7500000e+004,  3.2496681e-005,
  5.7750000e+004,  3.1543083e-005,
  5.8000000e+004,  3.0369775e-005,
  5.8250000e+004,  3.0908995e-005,
  5.8500000e+004,  3.1013786e-005,
  5.8750000e+004,  2.9398882e-005,
  5.9000000e+004,  2.8749454e-005,
  5.9250000e+004,  2.9578527e-005,
  5.9500000e+004,  2.9418788e-005,
  5.9750000e+004,  2.9598555e-005,
  6.0000000e+004,  2.8497578e-005,
  6.0250000e+004,  3.0472737e-005,
  6.0500000e+004,  3.6558689e-005,
  6.0750000e+004,  3.9598580e-005,
  6.1000000e+004,  4.0602862e-005,
  6.1250000e+004,  3.7996811e-005,
  6.1500000e+004,  3.1671454e-005,
  6.1750000e+004,  3.0617467e-005,
  6.2000000e+004,  3.2717398e-005,
  6.2250000e+004,  3.7485875e-005,
  6.2500000e+004,  3.9172023e-005,
  6.2750000e+004,  3.9145521e-005,
  6.3000000e+004,  3.5558027e-005,
  6.3250000e+004,  3.1055800e-005,
  6.3500000e+004,  3.0390339e-005,
  6.3750000e+004,  3.0287658e-005,
  6.4000000e+004,  2.9719013e-005,
  6.4250000e+004,  2.9638656e-005,
  6.4500000e+004,  3.0001986e-005,
  6.4750000e+004,  2.9961398e-005,
  6.5000000e+004,  2.9240110e-005,
  6.5250000e+004,  2.8459024e-005,
  6.5500000e+004,  2.9082196e-005,
  6.5750000e+004,  3.0226212e-005,
  6.6000000e+004,  3.1118929e-005,
  6.6250000e+004,  3.0596749e-005,
  6.6500000e+004,  2.9759273e-005,
  6.6750000e+004,  2.8944720e-005,
  6.7000000e+004,  2.8247908e-005,
  6.7250000e+004,  2.8095352e-005,
  6.7500000e+004,  2.8730001e-005,
  6.7750000e+004,  3.0144484e-005,
  6.8000000e+004,  3.0638199e-005,
  6.8250000e+004,  3.1886566e-005,
  6.8500000e+004,  3.1500409e-005,
  6.8750000e+004,  3.0124086e-005,
  6.9000000e+004,  2.8866457e-005,
  6.9250000e+004,  2.7981479e-005,
  6.9500000e+004,  2.7962545e-005,
  6.9750000e+004,  2.9598555e-005,
  7.0000000e+004,  3.0617467e-005,
  7.0250000e+004,  3.1372734e-005,
  7.0500000e+004,  3.1908157e-005,
  7.0750000e+004,  3.0700481e-005,
  7.1000000e+004,  2.9200552e-005,
  7.1250000e+004,  3.0001986e-005,
  7.1500000e+004,  3.1330288e-005,
  7.1750000e+004,  3.1714359e-005,
  7.2000000e+004,  3.1287902e-005,
  7.2250000e+004,  2.9779424e-005,
  7.2500000e+004,  2.9279722e-005,
  7.2750000e+004,  2.9498550e-005,
  7.3000000e+004,  3.0679704e-005,
  7.3250000e+004,  3.0617467e-005,
  7.3500000e+004,  3.3958414e-005,
  7.3750000e+004,  3.6682630e-005,
  7.4000000e+004,  3.5702738e-005,
  7.4250000e+004,  3.4961359e-005,
  7.4500000e+004,  3.2496681e-005,
  7.4750000e+004,  3.0804562e-005,
  7.5000000e+004,  2.9259909e-005,
  7.5250000e+004,  2.8671719e-005,
  7.5500000e+004,  2.9042852e-005,
  7.5750000e+004,  2.8925134e-005,
  7.6000000e+004,  2.8691133e-005,
  7.6250000e+004,  2.7981479e-005,
  7.6500000e+004,  2.8846924e-005,
  7.6750000e+004,  3.0349225e-005,
  7.7000000e+004,  3.1055800e-005,
  7.7250000e+004,  3.0431508e-005,
  7.7500000e+004,  2.9941124e-005,
  7.7750000e+004,  3.0493371e-005,
  7.8000000e+004,  3.1973018e-005,
  7.8250000e+004,  3.2939614e-005,
  7.8500000e+004,  3.4937702e-005,
  7.8750000e+004,  3.2739555e-005,
  7.9000000e+004,  2.9799588e-005,
  7.9250000e+004,  2.7736327e-005,
  7.9500000e+004,  2.7289374e-005,
  7.9750000e+004,  2.8382074e-005,
  8.0000000e+004,  2.9698903e-005,
  8.0250000e+004,  3.0721269e-005,
  8.0500000e+004,  3.1521739e-005,
  8.0750000e+004,  3.1161089e-005,
  8.1000000e+004,  3.0164895e-005,
  8.1250000e+004,  2.9598555e-005,
  8.1500000e+004,  2.9141312e-005,
  8.1750000e+004,  2.9359106e-005,
  8.2000000e+004,  3.0596749e-005,
  8.2250000e+004,  3.1415235e-005,
  8.2500000e+004,  3.0534680e-005,
  8.2750000e+004,  3.0103702e-005,
  8.3000000e+004,  3.0390339e-005,
  8.3250000e+004,  3.1161089e-005,
  8.3500000e+004,  3.0762887e-005,
  8.3750000e+004,  3.2277457e-005,
  8.4000000e+004,  3.3569882e-005,
  8.4250000e+004,  3.3958414e-005,
  8.4500000e+004,  3.3163339e-005,
  8.4750000e+004,  3.1076829e-005,
  8.5000000e+004,  3.0267163e-005,
  8.5250000e+004,  2.9819766e-005,
  8.5500000e+004,  2.9220324e-005,
  8.5750000e+004,  2.9200552e-005,
  8.6000000e+004,  2.9359106e-005,
  8.6250000e+004,  2.8536184e-005,
  8.6500000e+004,  2.7344846e-005,
  8.6750000e+004,  2.7493327e-005,
  8.7000000e+004,  2.9003560e-005,
  8.7250000e+004,  3.0555356e-005,
  8.7500000e+004,  2.9478589e-005,
  8.7750000e+004,  2.8420523e-005,
  8.8000000e+004,  2.8846924e-005,
  8.8250000e+004,  2.9458642e-005,
  8.8500000e+004,  2.9719013e-005,
  8.8750000e+004,  3.0472737e-005,
  8.9000000e+004,  3.1140003e-005,
  8.9250000e+004,  3.1628607e-005,
  8.9500000e+004,  3.1415235e-005,
  8.9750000e+004,  3.0679704e-005,
  9.0000000e+004,  2.9900618e-005,
  9.0250000e+004,  2.9618600e-005,
  9.0500000e+004,  3.0205759e-005,
  9.0750000e+004,  3.0246679e-005,
  9.1000000e+004,  3.1330288e-005,
  9.1250000e+004,  3.1034786e-005,
  9.1500000e+004,  3.0908995e-005,
  9.1750000e+004,  3.0185320e-005,
  9.2000000e+004,  2.8944720e-005,
  9.2250000e+004,  2.8152463e-005,
  9.2500000e+004,  2.7474723e-005,
  9.2750000e+004,  2.7586537e-005,
  9.3000000e+004,  2.8497578e-005,
  9.3250000e+004,  3.0349225e-005,
  9.3500000e+004,  3.2059708e-005,
  9.3750000e+004,  3.1800344e-005,
  9.4000000e+004,  3.1778826e-005,
  9.4250000e+004,  3.1929763e-005,
  9.4500000e+004,  3.5127407e-005,
  9.4750000e+004,  3.7283433e-005,
  9.5000000e+004,  3.8488650e-005,
  9.5250000e+004,  3.7740479e-005,
  9.5500000e+004,  3.4165921e-005,
  9.5750000e+004,  3.1245574e-005,
  9.6000000e+004,  2.9578527e-005,
  9.6250000e+004,  2.9161045e-005,
  9.6500000e+004,  2.9981685e-005,
  9.6750000e+004,  3.0992800e-005,
  9.7000000e+004,  3.1161089e-005,
  9.7250000e+004,  3.0596749e-005,
  9.7500000e+004,  3.0576046e-005,
  9.7750000e+004,  3.1521739e-005,
  9.8000000e+004,  3.2146629e-005,
  9.8250000e+004,  3.2408813e-005,
  9.8500000e+004,  3.1055800e-005,
  9.8750000e+004,  3.0410916e-005,
  9.9000000e+004,  2.9638656e-005,
  9.9250000e+004,  3.0410916e-005,
  9.9500000e+004,  5.6419381e-005,
  9.9750000e+004,  1.5690037e-004,
