  0.0000000e+000,  3.0104459e-002,
  2.5000000e+002,  1.9661614e-003,
  5.0000000e+002,  1.9701574e-003,
  7.5000000e+002,  1.9741624e-003,
  1.0000000e+003,  1.9781756e-003,
  1.2500000e+003,  1.9821969e-003,
  1.5000000e+003,  1.9875711e-003,
  1.7500000e+003,  1.9929599e-003,
  2.0000000e+003,  1.9970113e-003,
  2.2500000e+003,  2.0024256e-003,
  2.5000000e+003,  2.0092140e-003,
  2.7500000e+003,  2.0146624e-003,
  3.0000000e+003,  2.0201246e-003,
  3.2500000e+003,  2.0256016e-003,
  3.5000000e+003,  2.0324686e-003,
  3.7500000e+003,  2.0393588e-003,
  4.0000000e+003,  2.0448889e-003,
  4.2500000e+003,  2.0504330e-003,
  4.5000000e+003,  2.0573842e-003,
  4.7500000e+003,  2.0657574e-003,
  5.0000000e+003,  2.0741637e-003,
  5.2500000e+003,  2.0840151e-003,
  5.5000000e+003,  2.0797873e-003,
  5.7500000e+003,  2.0910810e-003,
  6.0000000e+003,  2.0995905e-003,
  6.2500000e+003,  2.1412130e-003,
  6.5000000e+003,  2.1152822e-003,
  6.7500000e+003,  2.1253289e-003,
  7.0000000e+003,  2.1325339e-003,
  7.2500000e+003,  2.1426626e-003,
  7.5000000e+003,  2.1484719e-003,
  7.7500000e+003,  2.1586762e-003,
  8.0000000e+003,  2.1659953e-003,
  8.2500000e+003,  2.1748095e-003,
  8.5000000e+003,  2.1851390e-003,
  8.7500000e+003,  2.1955175e-003,
  9.0000000e+003,  2.2044529e-003,
  9.2500000e+003,  2.2119261e-003,
  9.5000000e+003,  2.2224319e-003,
  9.7500000e+003,  2.2344993e-003,
  1.0000000e+004,  2.2420754e-003,
  1.0250000e+004,  2.2542495e-003,
  1.0500000e+004,  2.2649562e-003,
  1.0750000e+004,  2.2741732e-003,
  1.1000000e+004,  2.2865226e-003,
  1.1250000e+004,  2.2958273e-003,
  1.1500000e+004,  2.3082932e-003,
  1.1750000e+004,  2.3208279e-003,
  1.2000000e+004,  2.3318508e-003,
  1.2250000e+004,  2.3429262e-003,
  1.2500000e+004,  2.3572426e-003,
  1.2750000e+004,  2.3684386e-003,
  1.3000000e+004,  2.3796877e-003,
  1.3250000e+004,  2.3909902e-003,
  1.3500000e+004,  2.4039729e-003,
  1.3750000e+004,  2.4186624e-003,
  1.4000000e+004,  2.4317963e-003,
  1.4250000e+004,  2.4450006e-003,
  1.4500000e+004,  2.4582765e-003,
  1.4750000e+004,  2.4732978e-003,
  1.5000000e+004,  2.4884120e-003,
  1.5250000e+004,  2.5002309e-003,
  1.5500000e+004,  2.5172127e-003,
  1.5750000e+004,  2.5308807e-003,
  1.6000000e+004,  2.5446229e-003,
  1.6250000e+004,  2.5601719e-003,
  1.6500000e+004,  2.5758169e-003,
  1.6750000e+004,  2.5933121e-003,
  1.7000000e+004,  2.6073933e-003,
  1.7250000e+004,  2.6268802e-003,
  1.7500000e+004,  2.6393568e-003,
  1.7750000e+004,  2.6572824e-003,
  1.8000000e+004,  2.6753309e-003,
  1.8250000e+004,  2.6916797e-003,
  1.8500000e+004,  2.7117965e-003,
  1.8750000e+004,  2.7302141e-003,
  1.9000000e+004,  2.7487580e-003,
  1.9250000e+004,  2.7636832e-003,
  1.9500000e+004,  2.7824544e-003,
  1.9750000e+004,  2.8013531e-003,
  2.0000000e+004,  2.8222896e-003,
  2.0250000e+004,  2.8395352e-003,
  2.0500000e+004,  2.8607571e-003,
  2.0750000e+004,  2.8821375e-003,
  2.1000000e+004,  2.9017133e-003,
  2.1250000e+004,  2.9233998e-003,
  2.1500000e+004,  2.9452484e-003,
  2.1750000e+004,  2.9672603e-003,
  2.2000000e+004,  2.9874143e-003,
  2.2250000e+004,  3.0117789e-003,
  2.2500000e+004,  3.0342881e-003,
  2.2750000e+004,  3.0590350e-003,
  2.3000000e+004,  3.0839852e-003,
  2.3250000e+004,  3.1070340e-003,
  2.3500000e+004,  3.1323742e-003,
  2.3750000e+004,  3.1579212e-003,
  2.4000000e+004,  3.1836764e-003,
  2.4250000e+004,  3.2096432e-003,
  2.4500000e+004,  3.2358203e-003,
  2.4750000e+004,  3.2644209e-003,
  2.5000000e+004,  3.2932729e-003,
  2.5250000e+004,  3.3223813e-003,
  2.5500000e+004,  3.3494779e-003,
  2.5750000e+004,  3.3790831e-003,
  2.6000000e+004,  3.4112563e-003,
  2.6250000e+004,  3.4414075e-003,
  2.6500000e+004,  3.4741757e-003,
  2.6750000e+004,  3.5072559e-003,
  2.7000000e+004,  3.5382541e-003,
  2.7250000e+004,  3.5719445e-003,
  2.7500000e+004,  3.6059556e-003,
  2.7750000e+004,  3.6427551e-003,
  2.8000000e+004,  3.6799302e-003,
  2.8250000e+004,  3.7174846e-003,
  2.8500000e+004,  3.7554223e-003,
  2.8750000e+004,  3.7963172e-003,
  2.9000000e+004,  3.8350593e-003,
  2.9250000e+004,  3.8768197e-003,
  2.9500000e+004,  3.9163835e-003,
  2.9750000e+004,  3.9617115e-003,
  3.0000000e+004,  4.0048510e-003,
  3.0250000e+004,  4.0512029e-003,
  3.0500000e+004,  4.0980895e-003,
  3.0750000e+004,  4.1455206e-003,
  3.1000000e+004,  4.1935006e-003,
  3.1250000e+004,  4.2449079e-003,
  3.1500000e+004,  4.2969453e-003,
  3.1750000e+004,  4.3496207e-003,
  3.2000000e+004,  4.4059226e-003,
  3.2250000e+004,  4.4599339e-003,
  3.2500000e+004,  4.5207222e-003,
  3.2750000e+004,  4.5792389e-003,
  3.3000000e+004,  4.6416554e-003,
  3.3250000e+004,  4.7049206e-003,
  3.3500000e+004,  4.7690502e-003,
  3.3750000e+004,  4.8406015e-003,
  3.4000000e+004,  4.9099022e-003,
  3.4250000e+004,  4.9869407e-003,
  3.4500000e+004,  5.0583365e-003,
  3.4750000e+004,  5.1377040e-003,
  3.5000000e+004,  5.2183168e-003,
  3.5250000e+004,  5.3001944e-003,
  3.5500000e+004,  5.3906508e-003,
  3.5750000e+004,  5.4752348e-003,
  3.6000000e+004,  5.5686760e-003,
  3.6250000e+004,  5.6675513e-003,
  3.6500000e+004,  5.7642747e-003,
  3.6750000e+004,  5.8666204e-003,
  3.7000000e+004,  5.9748281e-003,
  3.7250000e+004,  6.0850291e-003,
  3.7500000e+004,  6.2056594e-003,
  3.7750000e+004,  6.3286811e-003,
  3.8000000e+004,  6.4541415e-003,
  3.8250000e+004,  6.5820892e-003,
  3.8500000e+004,  6.7216653e-003,
  3.8750000e+004,  6.8688513e-003,
  3.9000000e+004,  7.0192604e-003,
  3.9250000e+004,  7.1826785e-003,
  3.9500000e+004,  7.3449287e-003,
  3.9750000e+004,  7.5210206e-003,
  4.0000000e+004,  7.7065481e-003,
  4.0250000e+004,  7.8966522e-003,
  4.0500000e+004,  8.1024054e-003,
  4.0750000e+004,  8.3135196e-003,
  4.1000000e+004,  8.5416923e-003,
  4.1250000e+004,  8.7820728e-003,
  4.1500000e+004,  9.0353269e-003,
  4.1750000e+004,  9.3021818e-003,
  4.2000000e+004,  9.5898941e-003,
  4.2250000e+004,  9.8931942e-003,
  4.2500000e+004,  1.0219911e-002,
  4.2750000e+004,  1.0564578e-002,
  4.3000000e+004,  1.0935652e-002,
  4.3250000e+004,  1.1335102e-002,
  4.3500000e+004,  1.1765057e-002,
  4.3750000e+004,  1.2227860e-002,
  4.4000000e+004,  1.2734704e-002,
  4.4250000e+004,  1.3280532e-002,
  4.4500000e+004,  1.3868515e-002,
  4.4750000e+004,  1.4521789e-002,
  4.5000000e+004,  1.5236746e-002,
  4.5250000e+004,  1.6019402e-002,
  4.5500000e+004,  1.6887931e-002,
  4.5750000e+004,  1.7863905e-002,
  4.6000000e+004,  1.8960341e-002,
  4.6250000e+004,  2.0192296e-002,
  4.6500000e+004,  2.1606443e-002,
  4.6750000e+004,  2.3198007e-002,
  4.7000000e+004,  2.5075965e-002,
  4.7250000e+004,  2.7271594e-002,
  4.7500000e+004,  2.9901353e-002,
  4.7750000e+004,  3.3052124e-002,
  4.8000000e+004,  3.6957719e-002,
  4.8250000e+004,  4.1944824e-002,
  4.8500000e+004,  4.8417347e-002,
  4.8750000e+004,  5.7267302e-002,
  4.9000000e+004,  7.0019198e-002,
  4.9250000e+004,  9.0069081e-002,
  4.9500000e+004,  1.2617550e-001,
  4.9750000e+004,  2.1034198e-001,
  5.0000000e+004,  6.3059776e-001,
  5.0250000e+004,  6.3488112e-001,
  5.0500000e+004,  2.1134092e-001,
  5.0750000e+004,  1.2686061e-001,
  5.1000000e+004,  9.0680798e-002,
  5.1250000e+004,  7.0590228e-002,
  5.1500000e+004,  5.7812587e-002,
  5.1750000e+004,  4.8944570e-002,
  5.2000000e+004,  4.2458998e-002,
  5.2250000e+004,  3.7486809e-002,
  5.2500000e+004,  3.3570711e-002,
  5.2750000e+004,  3.0411668e-002,
  5.3000000e+004,  2.7793413e-002,
  5.3250000e+004,  2.5590387e-002,
  5.3500000e+004,  2.3705969e-002,
  5.3750000e+004,  2.2094513e-002,
  5.4000000e+004,  2.0690397e-002,
  5.4250000e+004,  1.9454367e-002,
  5.4500000e+004,  1.8354189e-002,
  5.4750000e+004,  1.7386702e-002,
  5.5000000e+004,  1.6503695e-002,
  5.5250000e+004,  1.5718639e-002,
  5.5500000e+004,  1.5001361e-002,
  5.5750000e+004,  1.4345919e-002,
  5.6000000e+004,  1.3747002e-002,
  5.6250000e+004,  1.3199869e-002,
  5.6500000e+004,  1.2691678e-002,
  5.6750000e+004,  1.2219582e-002,
  5.7000000e+004,  1.1788973e-002,
  5.7250000e+004,  1.1388934e-002,
  5.7500000e+004,  1.1009923e-002,
  5.7750000e+004,  1.0665171e-002,
  5.8000000e+004,  1.0331206e-002,
  5.8250000e+004,  1.0021253e-002,
  5.8500000e+004,  9.7271841e-003,
  5.8750000e+004,  9.4545335e-003,
  5.9000000e+004,  9.1957507e-003,
  5.9250000e+004,  8.9501063e-003,
  5.9500000e+004,  8.7228265e-003,
  5.9750000e+004,  8.5013145e-003,
  6.0000000e+004,  8.2910407e-003,
  6.0250000e+004,  8.0969237e-003,
  6.0500000e+004,  7.9073480e-003,
  6.0750000e+004,  7.7274424e-003,
  6.1000000e+004,  7.5516265e-003,
  6.1250000e+004,  7.3898132e-003,
  6.1500000e+004,  7.2314640e-003,
  6.1750000e+004,  7.0813018e-003,
  6.2000000e+004,  6.9389493e-003,
  6.2250000e+004,  6.7994615e-003,
  6.2500000e+004,  6.6672884e-003,
  6.2750000e+004,  6.5376846e-003,
  6.3000000e+004,  6.4149430e-003,
  6.3250000e+004,  6.2987645e-003,
  6.3500000e+004,  6.1888799e-003,
  6.3750000e+004,  6.0767982e-003,
  6.4000000e+004,  5.9748281e-003,
  6.4250000e+004,  5.8705947e-003,
  6.4500000e+004,  5.7720848e-003,
  6.4750000e+004,  5.6790701e-003,
  6.5000000e+004,  5.5875567e-003,
  6.5250000e+004,  5.4975156e-003,
  6.5500000e+004,  5.4162542e-003,
  6.5750000e+004,  5.3325836e-003,
  6.6000000e+004,  5.2502057e-003,
  6.6250000e+004,  5.1725998e-003,
  6.6500000e+004,  5.0995912e-003,
  6.6750000e+004,  5.0242116e-003,
  6.7000000e+004,  4.9532975e-003,
  6.7250000e+004,  4.8833842e-003,
  6.7500000e+004,  4.8144598e-003,
  6.7750000e+004,  4.7529353e-003,
  6.8000000e+004,  4.6890244e-003,
  6.8250000e+004,  4.6291048e-003,
  6.8500000e+004,  4.5699509e-003,
  6.8750000e+004,  4.5146073e-003,
  6.9000000e+004,  4.4569146e-003,
  6.9250000e+004,  4.4029398e-003,
  6.9500000e+004,  4.3496207e-003,
  6.9750000e+004,  4.2969453e-003,
  7.0000000e+004,  4.2449079e-003,
  7.0250000e+004,  4.1991806e-003,
  7.0500000e+004,  4.1511375e-003,
  7.0750000e+004,  4.1036421e-003,
  7.1000000e+004,  4.0594384e-003,
  7.1250000e+004,  4.0157091e-003,
  7.1500000e+004,  3.9724526e-003,
  7.1750000e+004,  3.9323225e-003,
  7.2000000e+004,  3.8899625e-003,
  7.2250000e+004,  3.8506657e-003,
  7.2500000e+004,  3.8091870e-003,
  7.2750000e+004,  3.7732590e-003,
  7.3000000e+004,  3.7376698e-003,
  7.3250000e+004,  3.6999115e-003,
  7.3500000e+004,  3.6650142e-003,
  7.3750000e+004,  3.6279898e-003,
  7.4000000e+004,  3.5937709e-003,
  7.4250000e+004,  3.5622863e-003,
  7.4500000e+004,  3.5286871e-003,
  7.4750000e+004,  3.4977711e-003,
  7.5000000e+004,  3.4671276e-003,
  7.5250000e+004,  3.4367510e-003,
  7.5500000e+004,  3.4089484e-003,
  7.5750000e+004,  3.3790831e-003,
  7.6000000e+004,  3.3494779e-003,
  7.6250000e+004,  3.3223813e-003,
  7.6500000e+004,  3.2955024e-003,
  7.6750000e+004,  3.2666310e-003,
  7.7000000e+004,  3.2423982e-003,
  7.7250000e+004,  3.2161679e-003,
  7.7500000e+004,  3.1923095e-003,
  7.7750000e+004,  3.1686282e-003,
  7.8000000e+004,  3.1429932e-003,
  7.8250000e+004,  3.1196777e-003,
  7.8500000e+004,  3.0944401e-003,
  7.8750000e+004,  3.0714848e-003,
  7.9000000e+004,  3.0507637e-003,
  7.9250000e+004,  3.0281323e-003,
  7.9500000e+004,  3.0077037e-003,
  7.9750000e+004,  2.9853918e-003,
  8.0000000e+004,  2.9632454e-003,
  8.0250000e+004,  2.9432558e-003,
  8.0500000e+004,  2.9214220e-003,
  8.0750000e+004,  2.9036778e-003,
  8.1000000e+004,  2.8840888e-003,
  8.1250000e+004,  2.8626938e-003,
  8.1500000e+004,  2.8453076e-003,
  8.1750000e+004,  2.8261123e-003,
  8.2000000e+004,  2.8070479e-003,
  8.2250000e+004,  2.7881107e-003,
  8.2500000e+004,  2.7693014e-003,
  8.2750000e+004,  2.7524823e-003,
  8.3000000e+004,  2.7357642e-003,
  8.3250000e+004,  2.7173080e-003,
  8.3500000e+004,  2.7026332e-003,
  8.3750000e+004,  2.6825844e-003,
  8.4000000e+004,  2.6699034e-003,
  8.4250000e+004,  2.6483045e-003,
  8.4500000e+004,  2.6340023e-003,
  8.4750000e+004,  2.6197774e-003,
  8.5000000e+004,  2.6021037e-003,
  8.5250000e+004,  2.5845492e-003,
  8.5500000e+004,  2.5723316e-003,
  8.5750000e+004,  2.5549791e-003,
  8.6000000e+004,  2.5411798e-003,
  8.6250000e+004,  2.5274562e-003,
  8.6500000e+004,  2.5138067e-003,
  8.6750000e+004,  2.4968479e-003,
  8.7000000e+004,  2.4833637e-003,
  8.7250000e+004,  2.4699523e-003,
  8.7500000e+004,  2.4599407e-003,
  8.7750000e+004,  2.4433453e-003,
  8.8000000e+004,  2.4301500e-003,
  8.8250000e+004,  2.4203009e-003,
  8.8500000e+004,  2.4088598e-003,
  8.8750000e+004,  2.3958508e-003,
  8.9000000e+004,  2.3845252e-003,
  8.9250000e+004,  2.3732533e-003,
  8.9500000e+004,  2.3620346e-003,
  8.9750000e+004,  2.3508689e-003,
  9.0000000e+004,  2.3413400e-003,
  9.0250000e+004,  2.3318508e-003,
  9.0500000e+004,  2.3223991e-003,
  9.0750000e+004,  2.3129856e-003,
  9.1000000e+004,  2.3020518e-003,
  9.1250000e+004,  2.2942741e-003,
  9.1500000e+004,  2.2849746e-003,
  9.1750000e+004,  2.2757139e-003,
  9.2000000e+004,  2.2680241e-003,
  9.2250000e+004,  2.2603613e-003,
  9.2500000e+004,  2.2542495e-003,
  9.2750000e+004,  2.2451123e-003,
  9.3000000e+004,  2.2390417e-003,
  9.3250000e+004,  2.2284574e-003,
  9.3500000e+004,  2.2209283e-003,
  9.3750000e+004,  2.2134246e-003,
  9.4000000e+004,  2.2044529e-003,
  9.4250000e+004,  2.1955175e-003,
  9.4500000e+004,  2.1880997e-003,
  9.4750000e+004,  2.1807069e-003,
  9.5000000e+004,  2.1674617e-003,
  9.5250000e+004,  2.1572158e-003,
  9.5500000e+004,  2.1470183e-003,
  9.5750000e+004,  2.1383167e-003,
  9.6000000e+004,  2.1282085e-003,
  9.6250000e+004,  2.1152822e-003,
  9.6500000e+004,  2.1010119e-003,
  9.6750000e+004,  2.0868388e-003,
  9.7000000e+004,  2.0755689e-003,
  9.7250000e+004,  2.0601717e-003,
  9.7500000e+004,  2.0435045e-003,
  9.7750000e+004,  2.0269730e-003,
  9.8000000e+004,  2.0119363e-003,
  9.8250000e+004,  1.9943091e-003,
  9.8500000e+004,  1.9754998e-003,
  9.8750000e+004,  1.9581919e-003,
  9.9000000e+004,  1.9410355e-003,
  9.9250000e+004,  1.9253330e-003,
  9.9500000e+004,  1.9097574e-003,
  9.9750000e+004,  1.8955903e-003,
