  0.0000000e+000,  3.0063712e-002,
  2.5000000e+002,  2.0453667e-002,
  5.0000000e+002,  5.9184739e-003,
  7.5000000e+002,  5.0674330e-004,
  1.0000000e+003,  3.1800344e-005,
  1.2500000e+003,  2.7493327e-005,
  1.5000000e+003,  2.5676504e-005,
  1.7500000e+003,  2.3689335e-005,
  2.0000000e+003,  2.3737492e-005,
  2.2500000e+003,  2.3801850e-005,
  2.5000000e+003,  2.2854526e-005,
  2.7500000e+003,  2.1944908e-005,
  3.0000000e+003,  2.0816309e-005,
  3.2500000e+003,  2.0901025e-005,
  3.5000000e+003,  2.1142930e-005,
  3.7500000e+003,  2.0164476e-005,
  4.0000000e+003,  2.0633935e-005,
  4.2500000e+003,  2.1057233e-005,
  4.5000000e+003,  1.9179303e-005,
  4.7500000e+003,  1.9519837e-005,
  5.0000000e+003,  3.1415235e-005,
  5.2500000e+003,  5.7265856e-005,
  5.5000000e+003,  5.7382269e-005,
  5.7500000e+003,  8.3944335e-005,
  6.0000000e+003,  2.6173922e-004,
  6.2500000e+003,  3.8289738e-004,
  6.5000000e+003,  2.6085479e-004,
  6.7500000e+003,  7.8079345e-005,
  7.0000000e+003,  2.1014516e-005,
  7.2500000e+003,  2.0858625e-005,
  7.5000000e+003,  1.9879867e-005,
  7.7500000e+003,  1.9519837e-005,
  8.0000000e+003,  2.0301433e-005,
  8.2500000e+003,  1.9440718e-005,
  8.5000000e+003,  1.8844712e-005,
  8.7500000e+003,  1.9179303e-005,
  9.0000000e+003,  1.9960772e-005,
  9.2500000e+003,  2.0425489e-005,
  9.5000000e+003,  1.9414418e-005,
  9.7500000e+003,  1.9231302e-005,
  1.0000000e+004,  2.0328935e-005,
  1.0250000e+004,  2.0633935e-005,
  1.0500000e+004,  2.1286533e-005,
  1.0750000e+004,  2.2395101e-005,
  1.1000000e+004,  2.1708517e-005,
  1.1250000e+004,  2.0425489e-005,
  1.1500000e+004,  2.0260249e-005,
  1.1750000e+004,  1.9652413e-005,
  1.2000000e+004,  2.4224458e-005,
  1.2250000e+004,  5.4689695e-005,
  1.2500000e+004,  7.8132206e-005,
  1.2750000e+004,  5.4504907e-005,
  1.3000000e+004,  2.3276064e-005,
  1.3250000e+004,  1.8768330e-005,
  1.3500000e+004,  1.8328905e-005,
  1.3750000e+004,  1.7563705e-005,
  1.4000000e+004,  1.8009148e-005,
  1.4250000e+004,  1.9088639e-005,
  1.4500000e+004,  2.0123570e-005,
  1.4750000e+004,  1.9088639e-005,
  1.5000000e+004,  1.9467055e-005,
  1.5250000e+004,  5.3409241e-005,
  1.5500000e+004,  1.2115063e-004,
  1.5750000e+004,  1.3042740e-004,
  1.6000000e+004,  6.8008831e-005,
  1.6250000e+004,  2.5348389e-005,
  1.6500000e+004,  1.9257357e-005,
  1.6750000e+004,  1.9692363e-005,
  1.7000000e+004,  2.1142930e-005,
  1.7250000e+004,  2.1042985e-005,
  1.7500000e+004,  2.0731938e-005,
  1.7750000e+004,  2.0844511e-005,
  1.8000000e+004,  1.9572759e-005,
  1.8250000e+004,  1.8528493e-005,
  1.8500000e+004,  2.4538022e-005,
  1.8750000e+004,  3.2430758e-005,
  1.9000000e+004,  2.7013694e-005,
  1.9250000e+004,  2.1085759e-005,
  1.9500000e+004,  1.9309568e-005,
  1.9750000e+004,  1.8465890e-005,
  2.0000000e+004,  1.8793755e-005,
  2.0250000e+004,  1.9322643e-005,
  2.0500000e+004,  1.9920277e-005,
  2.0750000e+004,  2.0042005e-005,
  2.1000000e+004,  1.8428428e-005,
  2.1250000e+004,  1.7551820e-005,
  2.1500000e+004,  2.0411668e-005,
  2.1750000e+004,  2.1445622e-005,
  2.2000000e+004,  1.9906798e-005,
  2.2250000e+004,  1.9140395e-005,
  2.2500000e+004,  1.9283445e-005,
  2.2750000e+004,  1.9799289e-005,
  2.3000000e+004,  2.1344245e-005,
  2.3250000e+004,  2.3197421e-005,
  2.3500000e+004,  2.2471024e-005,
  2.3750000e+004,  2.0872749e-005,
  2.4000000e+004,  2.0150831e-005,
  2.4250000e+004,  1.9974288e-005,
  2.4500000e+004,  1.9785892e-005,
  2.4750000e+004,  2.1841172e-005,
  2.5000000e+004,  2.4471674e-005,
  2.5250000e+004,  2.2638966e-005,
  2.5500000e+004,  2.1042985e-005,
  2.5750000e+004,  2.1431110e-005,
  2.6000000e+004,  2.2319431e-005,
  2.6250000e+004,  2.5314096e-005,
  2.6500000e+004,  2.5348389e-005,
  2.6750000e+004,  2.4788440e-005,
  2.7000000e+004,  2.3354975e-005,
  2.7250000e+004,  2.0082745e-005,
  2.7500000e+004,  2.0717909e-005,
  2.7750000e+004,  2.1300946e-005,
  2.8000000e+004,  2.1431110e-005,
  2.8250000e+004,  2.1460143e-005,
  2.8500000e+004,  2.2823607e-005,
  2.8750000e+004,  2.2486240e-005,
  2.9000000e+004,  2.1042985e-005,
  2.9250000e+004,  2.0788147e-005,
  2.9500000e+004,  2.0411668e-005,
  2.9750000e+004,  1.9826113e-005,
  3.0000000e+004,  1.9440718e-005,
  3.0250000e+004,  1.9361921e-005,
  3.0500000e+004,  1.9639115e-005,
  3.0750000e+004,  2.1591280e-005,
  3.1000000e+004,  4.1323773e-005,
  3.1250000e+004,  6.3428721e-005,
  3.1500000e+004,  5.0765459e-005,
  3.1750000e+004,  2.5177384e-005,
  3.2000000e+004,  1.9546280e-005,
  3.2250000e+004,  2.0957693e-005,
  3.2500000e+004,  2.2153860e-005,
  3.2750000e+004,  2.0915178e-005,
  3.3000000e+004,  1.9244326e-005,
  3.3250000e+004,  1.9257357e-005,
  3.3500000e+004,  1.8806481e-005,
  3.3750000e+004,  1.9652413e-005,
  3.4000000e+004,  2.0439320e-005,
  3.4250000e+004,  2.0082745e-005,
  3.4500000e+004,  2.0137196e-005,
  3.4750000e+004,  1.9348819e-005,
  3.5000000e+004,  1.9960772e-005,
  3.5250000e+004,  2.0273967e-005,
  3.5500000e+004,  1.9826113e-005,
  3.5750000e+004,  1.9920277e-005,
  3.6000000e+004,  2.0717909e-005,
  3.6250000e+004,  2.0703890e-005,
  3.6500000e+004,  1.9375031e-005,
  3.6750000e+004,  1.9440718e-005,
  3.7000000e+004,  1.9296502e-005,
  3.7250000e+004,  2.1128624e-005,
  3.7500000e+004,  2.3593320e-005,
  3.7750000e+004,  2.2123888e-005,
  3.8000000e+004,  2.0123570e-005,
  3.8250000e+004,  2.0592077e-005,
  3.8500000e+004,  2.1142930e-005,
  3.8750000e+004,  2.0439320e-005,
  3.9000000e+004,  2.1870760e-005,
  3.9250000e+004,  2.8944720e-005,
  3.9500000e+004,  2.8305329e-005,
  3.9750000e+004,  2.0425489e-005,
  4.0000000e+004,  1.9732393e-005,
  4.0250000e+004,  2.0001347e-005,
  4.0500000e+004,  2.0592077e-005,
  4.0750000e+004,  2.1737925e-005,
  4.1000000e+004,  2.1300946e-005,
  4.1250000e+004,  2.0342700e-005,
  4.1500000e+004,  2.0384054e-005,
  4.1750000e+004,  2.0731938e-005,
  4.2000000e+004,  2.0467009e-005,
  4.2250000e+004,  2.0356474e-005,
  4.2500000e+004,  2.0480867e-005,
  4.2750000e+004,  2.1489215e-005,
  4.3000000e+004,  2.1796864e-005,
  4.3250000e+004,  2.0069155e-005,
  4.3500000e+004,  2.0342700e-005,
  4.3750000e+004,  2.1431110e-005,
  4.4000000e+004,  2.1752647e-005,
  4.4250000e+004,  2.1042985e-005,
  4.4500000e+004,  2.2379947e-005,
  4.4750000e+004,  2.3593320e-005,
  4.5000000e+004,  2.1855961e-005,
  4.5250000e+004,  2.1128624e-005,
  4.5500000e+004,  2.1518327e-005,
  4.5750000e+004,  2.1474674e-005,
  4.6000000e+004,  2.0219146e-005,
  4.6250000e+004,  2.0957693e-005,
  4.6500000e+004,  2.4538022e-005,
  4.6750000e+004,  3.3889522e-005,
  4.7000000e+004,  3.9039675e-005,
  4.7250000e+004,  2.8905562e-005,
  4.7500000e+004,  2.2213926e-005,
  4.7750000e+004,  2.6309885e-005,
  4.8000000e+004,  2.8478295e-005,
  4.8250000e+004,  3.1393977e-005,
  4.8500000e+004,  3.2081416e-005,
  4.8750000e+004,  2.2108918e-005,
  4.9000000e+004,  3.0700481e-005,
  4.9250000e+004,  1.7871815e-003,
  4.9500000e+004,  6.8890838e-002,
  4.9750000e+004,  4.0889226e-001,
  5.0000000e+004,  9.0273267e-001,
  5.0250000e+004,  9.0456778e-001,
  5.0500000e+004,  4.1139098e-001,
  5.0750000e+004,  6.9688177e-002,
  5.1000000e+004,  1.8287896e-003,
  5.1250000e+004,  3.0514019e-005,
  5.1500000e+004,  2.2168860e-005,
  5.1750000e+004,  3.0762887e-005,
  5.2000000e+004,  3.0022301e-005,
  5.2250000e+004,  2.6995415e-005,
  5.2500000e+004,  2.6668491e-005,
  5.2750000e+004,  2.2994184e-005,
  5.3000000e+004,  2.1315369e-005,
  5.3250000e+004,  1.9920277e-005,
  5.3500000e+004,  2.1679148e-005,
  5.3750000e+004,  2.2123888e-005,
  5.4000000e+004,  2.3418298e-005,
  5.4250000e+004,  2.4012223e-005,
  5.4500000e+004,  2.1679148e-005,
  5.4750000e+004,  1.9467055e-005,
  5.5000000e+004,  2.0606020e-005,
  5.5250000e+004,  2.3497691e-005,
  5.5500000e+004,  2.5007534e-005,
  5.5750000e+004,  2.2289236e-005,
  5.6000000e+004,  1.9599275e-005,
  5.6250000e+004,  2.0397856e-005,
  5.6500000e+004,  2.0802223e-005,
  5.6750000e+004,  2.1402115e-005,
  5.7000000e+004,  2.1693828e-005,
  5.7250000e+004,  2.2289236e-005,
  5.7500000e+004,  2.2531948e-005,
  5.7750000e+004,  2.0703890e-005,
  5.8000000e+004,  2.0397856e-005,
  5.8250000e+004,  2.0453159e-005,
  5.8500000e+004,  2.0760023e-005,
  5.8750000e+004,  2.1329803e-005,
  5.9000000e+004,  2.2700348e-005,
  5.9250000e+004,  2.2808163e-005,
  5.9500000e+004,  2.2684985e-005,
  5.9750000e+004,  2.1900391e-005,
  6.0000000e+004,  2.0494735e-005,
  6.0250000e+004,  2.0273967e-005,
  6.0500000e+004,  2.3513601e-005,
  6.0750000e+004,  3.2364968e-005,
  6.1000000e+004,  3.2606855e-005,
  6.1250000e+004,  2.3134695e-005,
  6.1500000e+004,  2.0109953e-005,
  6.1750000e+004,  1.9879867e-005,
  6.2000000e+004,  1.8895804e-005,
  6.2250000e+004,  2.1100037e-005,
  6.2500000e+004,  2.9121594e-005,
  6.2750000e+004,  2.8133413e-005,
  6.3000000e+004,  2.2198893e-005,
  6.3250000e+004,  2.1387633e-005,
  6.3500000e+004,  2.2168860e-005,
  6.3750000e+004,  2.2334544e-005,
  6.4000000e+004,  2.1532897e-005,
  6.4250000e+004,  2.1171573e-005,
  6.4500000e+004,  1.9987813e-005,
  6.4750000e+004,  2.0872749e-005,
  6.5000000e+004,  2.1518327e-005,
  6.5250000e+004,  2.2168860e-005,
  6.5500000e+004,  2.2274154e-005,
  6.5750000e+004,  2.0246539e-005,
  6.6000000e+004,  2.0760023e-005,
  6.6250000e+004,  2.1679148e-005,
  6.6500000e+004,  2.2153860e-005,
  6.6750000e+004,  2.1737925e-005,
  6.7000000e+004,  2.1243348e-005,
  6.7250000e+004,  2.0150831e-005,
  6.7500000e+004,  2.0522499e-005,
  6.7750000e+004,  2.1635170e-005,
  6.8000000e+004,  2.1445622e-005,
  6.8250000e+004,  2.1752647e-005,
  6.8500000e+004,  2.2153860e-005,
  6.8750000e+004,  2.0886882e-005,
  6.9000000e+004,  2.0411668e-005,
  6.9250000e+004,  2.1460143e-005,
  6.9500000e+004,  2.2761894e-005,
  6.9750000e+004,  2.3056529e-005,
  7.0000000e+004,  2.1944908e-005,
  7.0250000e+004,  2.1752647e-005,
  7.0500000e+004,  2.1635170e-005,
  7.0750000e+004,  2.0872749e-005,
  7.1000000e+004,  2.0480867e-005,
  7.1250000e+004,  2.0858625e-005,
  7.1500000e+004,  2.2839061e-005,
  7.1750000e+004,  2.3040927e-005,
  7.2000000e+004,  2.1000297e-005,
  7.2250000e+004,  2.1693828e-005,
  7.2500000e+004,  2.2259081e-005,
  7.2750000e+004,  2.2792729e-005,
  7.3000000e+004,  2.3931092e-005,
  7.3250000e+004,  2.4637885e-005,
  7.3500000e+004,  2.4405505e-005,
  7.3750000e+004,  2.6416959e-005,
  7.4000000e+004,  2.8594193e-005,
  7.4250000e+004,  2.3995975e-005,
  7.4500000e+004,  2.1057233e-005,
  7.4750000e+004,  2.0774081e-005,
  7.5000000e+004,  2.1085759e-005,
  7.5250000e+004,  2.0675881e-005,
  7.5500000e+004,  2.1649819e-005,
  7.5750000e+004,  2.2486240e-005,
  7.6000000e+004,  2.1591280e-005,
  7.6250000e+004,  2.1028746e-005,
  7.6500000e+004,  2.1416606e-005,
  7.6750000e+004,  2.1915220e-005,
  7.7000000e+004,  2.2395101e-005,
  7.7250000e+004,  2.2168860e-005,
  7.7500000e+004,  2.2364801e-005,
  7.7750000e+004,  2.3882545e-005,
  7.8000000e+004,  2.4822021e-005,
  7.8250000e+004,  2.5624413e-005,
  7.8500000e+004,  2.3705378e-005,
  7.8750000e+004,  2.2547208e-005,
  7.9000000e+004,  2.1014516e-005,
  7.9250000e+004,  2.0564219e-005,
  7.9500000e+004,  2.1489215e-005,
  7.9750000e+004,  2.1445622e-005,
  8.0000000e+004,  2.1185908e-005,
  8.0250000e+004,  2.1057233e-005,
  8.0500000e+004,  2.1811623e-005,
  8.0750000e+004,  2.1826393e-005,
  8.1000000e+004,  2.1708517e-005,
  8.1250000e+004,  2.1989517e-005,
  8.1500000e+004,  2.1620530e-005,
  8.1750000e+004,  2.1142930e-005,
  8.2000000e+004,  2.1752647e-005,
  8.2250000e+004,  2.3339171e-005,
  8.2500000e+004,  2.2440624e-005,
  8.2750000e+004,  2.1767376e-005,
  8.3000000e+004,  2.2123888e-005,
  8.3250000e+004,  2.2004406e-005,
  8.3500000e+004,  2.1649819e-005,
  8.3750000e+004,  2.3150360e-005,
  8.4000000e+004,  2.7050289e-005,
  8.4250000e+004,  2.7234015e-005,
  8.4500000e+004,  2.3370791e-005,
  8.4750000e+004,  2.0370258e-005,
  8.5000000e+004,  2.0802223e-005,
  8.5250000e+004,  2.0703890e-005,
  8.5500000e+004,  2.1085759e-005,
  8.5750000e+004,  2.2049135e-005,
  8.6000000e+004,  2.3150360e-005,
  8.6250000e+004,  2.3197421e-005,
  8.6500000e+004,  2.2608338e-005,
  8.6750000e+004,  2.1431110e-005,
  8.7000000e+004,  2.0661888e-005,
  8.7250000e+004,  2.1257732e-005,
  8.7500000e+004,  2.2608338e-005,
  8.7750000e+004,  2.2562475e-005,
  8.8000000e+004,  2.2198893e-005,
  8.8250000e+004,  2.1989517e-005,
  8.8500000e+004,  2.1532897e-005,
  8.8750000e+004,  2.1344245e-005,
  8.9000000e+004,  2.1826393e-005,
  8.9250000e+004,  2.2978624e-005,
  8.9500000e+004,  2.4704684e-005,
  8.9750000e+004,  2.3561401e-005,
  9.0000000e+004,  2.1171573e-005,
  9.0250000e+004,  2.1185908e-005,
  9.0500000e+004,  2.2410265e-005,
  9.0750000e+004,  2.2994184e-005,
  9.1000000e+004,  2.5041411e-005,
  9.1250000e+004,  2.6632413e-005,
  9.1500000e+004,  2.3119040e-005,
  9.1750000e+004,  2.0731938e-005,
  9.2000000e+004,  2.1826393e-005,
  9.2250000e+004,  2.3947296e-005,
  9.2500000e+004,  2.3529525e-005,
  9.2750000e+004,  2.2547208e-005,
  9.3000000e+004,  2.3402452e-005,
  9.3250000e+004,  2.3370791e-005,
  9.3500000e+004,  2.2777306e-005,
  9.3750000e+004,  2.3577355e-005,
  9.4000000e+004,  2.3850233e-005,
  9.4250000e+004,  2.2213926e-005,
  9.4500000e+004,  2.4587904e-005,
  9.4750000e+004,  3.3140899e-005,
  9.5000000e+004,  3.2717398e-005,
  9.5250000e+004,  2.5434325e-005,
  9.5500000e+004,  2.2593040e-005,
  9.5750000e+004,  2.2395101e-005,
  9.6000000e+004,  2.3087763e-005,
  9.6250000e+004,  2.3801850e-005,
  9.6500000e+004,  2.3577355e-005,
  9.6750000e+004,  2.2761894e-005,
  9.7000000e+004,  2.1503766e-005,
  9.7250000e+004,  2.1915220e-005,
  9.7500000e+004,  2.2364801e-005,
  9.7750000e+004,  2.1591280e-005,
  9.8000000e+004,  2.1930059e-005,
  9.8250000e+004,  2.3529525e-005,
  9.8500000e+004,  2.4273700e-005,
  9.8750000e+004,  2.3276064e-005,
  9.9000000e+004,  2.3228846e-005,
  9.9250000e+004,  2.2274154e-005,
  9.9500000e+004,  2.0886882e-005,
  9.9750000e+004,  5.0286642e-005,
