  0.0000000e+000,  2.9719763e-002,
  2.5000000e+002,  1.4859883e-002,
  5.0000000e+002,  5.2833914e-005,
  7.5000000e+002,  3.4142802e-005,
  1.0000000e+003,  2.5228563e-005,
  1.2500000e+003,  2.2531948e-005,
  1.5000000e+003,  2.1057233e-005,
  1.7500000e+003,  1.9075723e-005,
  2.0000000e+003,  1.8503426e-005,
  2.2500000e+003,  1.8328905e-005,
  2.5000000e+003,  1.8106936e-005,
  2.7500000e+003,  1.8316503e-005,
  3.0000000e+003,  1.6750890e-005,
  3.2500000e+003,  1.6853250e-005,
  3.5000000e+003,  1.8541039e-005,
  3.7500000e+003,  1.8229918e-005,
  4.0000000e+003,  1.7268982e-005,
  4.2500000e+003,  1.7327529e-005,
  4.5000000e+003,  1.8304109e-005,
  4.7500000e+003,  1.9453882e-005,
  5.0000000e+003,  1.9453882e-005,
  5.2500000e+003,  5.1248823e-005,
  5.5000000e+003,  5.1457397e-005,
  5.7500000e+003,  1.9639115e-005,
  6.0000000e+003,  1.8989992e-004,
  6.2500000e+003,  3.8082954e-004,
  6.5000000e+003,  1.9314087e-004,
  6.7500000e+003,  1.8143743e-005,
  7.0000000e+003,  1.8692258e-005,
  7.2500000e+003,  1.8266975e-005,
  7.5000000e+003,  1.7315804e-005,
  7.7500000e+003,  1.6581671e-005,
  8.0000000e+003,  1.7304087e-005,
  8.2500000e+003,  1.7175721e-005,
  8.5000000e+003,  1.7386272e-005,
  8.7500000e+003,  1.6514462e-005,
  9.0000000e+003,  1.5559465e-005,
  9.2500000e+003,  1.6615377e-005,
  9.5000000e+003,  1.6259344e-005,
  9.7500000e+003,  1.6105988e-005,
  1.0000000e+004,  1.6425273e-005,
  1.0250000e+004,  1.6559238e-005,
  1.0500000e+004,  1.7059851e-005,
  1.0750000e+004,  1.8553594e-005,
  1.1000000e+004,  1.7766982e-005,
  1.1250000e+004,  1.8453395e-005,
  1.1500000e+004,  1.7647123e-005,
  1.1750000e+004,  1.6716909e-005,
  1.2000000e+004,  1.7563705e-005,
  1.2250000e+004,  4.4008809e-005,
  1.2500000e+004,  8.0439811e-005,
  1.2750000e+004,  4.3623244e-005,
  1.3000000e+004,  1.7386272e-005,
  1.3250000e+004,  1.6514462e-005,
  1.3500000e+004,  1.7480679e-005,
  1.3750000e+004,  1.6380861e-005,
  1.4000000e+004,  1.5675752e-005,
  1.4250000e+004,  1.6990703e-005,
  1.4500000e+004,  1.7671032e-005,
  1.4750000e+004,  1.7575597e-005,
  1.5000000e+004,  1.8378599e-005,
  1.5250000e+004,  2.4438567e-005,
  1.5500000e+004,  1.1109562e-004,
  1.5750000e+004,  1.2677158e-004,
  1.6000000e+004,  3.8358603e-005,
  1.6250000e+004,  1.9335727e-005,
  1.6500000e+004,  1.7791053e-005,
  1.6750000e+004,  1.7504360e-005,
  1.7000000e+004,  1.7611324e-005,
  1.7250000e+004,  1.7233950e-005,
  1.7500000e+004,  1.7362751e-005,
  1.7750000e+004,  1.9283445e-005,
  1.8000000e+004,  1.8440908e-005,
  1.8250000e+004,  1.7468850e-005,
  1.8500000e+004,  1.9987813e-005,
  1.8750000e+004,  3.1521739e-005,
  1.9000000e+004,  2.2854526e-005,
  1.9250000e+004,  1.6040707e-005,
  1.9500000e+004,  1.6944762e-005,
  1.9750000e+004,  1.6682997e-005,
  2.0000000e+004,  1.5591094e-005,
  2.0250000e+004,  1.7445217e-005,
  2.0500000e+004,  1.8180626e-005,
  2.0750000e+004,  1.8304109e-005,
  2.1000000e+004,  1.8844712e-005,
  2.1250000e+004,  1.8266975e-005,
  2.1500000e+004,  1.7827218e-005,
  2.1750000e+004,  1.7233950e-005,
  2.2000000e+004,  1.8291721e-005,
  2.2250000e+004,  1.7071402e-005,
  2.2500000e+004,  1.6369777e-005,
  2.2750000e+004,  1.7048307e-005,
  2.3000000e+004,  1.8279344e-005,
  2.3250000e+004,  2.1100037e-005,
  2.3500000e+004,  1.8755630e-005,
  2.3750000e+004,  1.7551820e-005,
  2.4000000e+004,  1.7386272e-005,
  2.4250000e+004,  1.7492515e-005,
  2.4500000e+004,  1.8009148e-005,
  2.4750000e+004,  1.8168324e-005,
  2.5000000e+004,  2.0675881e-005,
  2.5250000e+004,  1.7960453e-005,
  2.5500000e+004,  1.7742946e-005,
  2.5750000e+004,  1.8057977e-005,
  2.6000000e+004,  1.9375031e-005,
  2.6250000e+004,  2.4339512e-005,
  2.6500000e+004,  2.3609295e-005,
  2.6750000e+004,  2.1930059e-005,
  2.7000000e+004,  1.9322643e-005,
  2.7250000e+004,  1.7374508e-005,
  2.7500000e+004,  1.7304087e-005,
  2.7750000e+004,  1.7013720e-005,
  2.8000000e+004,  1.6215380e-005,
  2.8250000e+004,  1.6281370e-005,
  2.8500000e+004,  1.9037026e-005,
  2.8750000e+004,  1.9612546e-005,
  2.9000000e+004,  1.8082440e-005,
  2.9250000e+004,  1.7706952e-005,
  2.9500000e+004,  1.6615377e-005,
  2.9750000e+004,  1.7257297e-005,
  3.0000000e+004,  1.6671708e-005,
  3.0250000e+004,  1.8378599e-005,
  3.0500000e+004,  2.0205465e-005,
  3.0750000e+004,  1.9572759e-005,
  3.1000000e+004,  2.8691133e-005,
  3.1250000e+004,  6.3471663e-005,
  3.1500000e+004,  4.2142980e-005,
  3.1750000e+004,  1.7036771e-005,
  3.2000000e+004,  1.9480236e-005,
  3.2250000e+004,  1.8793755e-005,
  3.2500000e+004,  1.7036771e-005,
  3.2750000e+004,  1.7048307e-005,
  3.3000000e+004,  1.6728228e-005,
  3.3250000e+004,  1.5900173e-005,
  3.3500000e+004,  1.6705597e-005,
  3.3750000e+004,  1.6933296e-005,
  3.4000000e+004,  1.6380861e-005,
  3.4250000e+004,  1.7839289e-005,
  3.4500000e+004,  1.7803100e-005,
  3.4750000e+004,  1.6841846e-005,
  3.5000000e+004,  1.7409827e-005,
  3.5250000e+004,  1.7268982e-005,
  3.5500000e+004,  1.7827218e-005,
  3.5750000e+004,  1.7280677e-005,
  3.6000000e+004,  1.7233950e-005,
  3.6250000e+004,  1.5686366e-005,
  3.6500000e+004,  1.7106104e-005,
  3.6750000e+004,  1.8119197e-005,
  3.7000000e+004,  1.8070204e-005,
  3.7250000e+004,  1.7164099e-005,
  3.7500000e+004,  2.0069155e-005,
  3.7750000e+004,  2.0232837e-005,
  3.8000000e+004,  1.8353736e-005,
  3.8250000e+004,  1.8229918e-005,
  3.8500000e+004,  1.8895804e-005,
  3.8750000e+004,  1.7575597e-005,
  3.9000000e+004,  1.8415958e-005,
  3.9250000e+004,  2.6650446e-005,
  3.9500000e+004,  2.6578383e-005,
  3.9750000e+004,  1.8629101e-005,
  4.0000000e+004,  1.9335727e-005,
  4.0250000e+004,  1.8021342e-005,
  4.0500000e+004,  1.8094684e-005,
  4.0750000e+004,  1.7827218e-005,
  4.1000000e+004,  1.8870241e-005,
  4.1250000e+004,  1.8291721e-005,
  4.1500000e+004,  1.8515956e-005,
  4.1750000e+004,  1.9839538e-005,
  4.2000000e+004,  1.9947265e-005,
  4.2250000e+004,  1.9745754e-005,
  4.2500000e+004,  2.0178130e-005,
  4.2750000e+004,  2.1042985e-005,
  4.3000000e+004,  2.0633935e-005,
  4.3250000e+004,  2.4438567e-005,
  4.3500000e+004,  2.3769649e-005,
  4.3750000e+004,  2.5815922e-005,
  4.4000000e+004,  3.0410916e-005,
  4.4250000e+004,  2.8555506e-005,
  4.4500000e+004,  3.1628607e-005,
  4.4750000e+004,  3.9948573e-005,
  4.5000000e+004,  4.0823338e-005,
  4.5250000e+004,  4.4790203e-005,
  4.5500000e+004,  5.2441979e-005,
  4.5750000e+004,  5.9922798e-005,
  4.6000000e+004,  7.3713711e-005,
  4.6250000e+004,  8.4114981e-005,
  4.6500000e+004,  1.0545347e-004,
  4.6750000e+004,  1.3158022e-004,
  4.7000000e+004,  1.6619263e-004,
  4.7250000e+004,  2.0807091e-004,
  4.7500000e+004,  2.7425407e-004,
  4.7750000e+004,  3.6865478e-004,
  4.8000000e+004,  5.2241642e-004,
  4.8250000e+004,  7.5549737e-004,
  4.8500000e+004,  1.1722563e-003,
  4.8750000e+004,  1.9581919e-003,
  4.9000000e+004,  3.6353650e-003,
  4.9250000e+004,  7.9988672e-003,
  4.9500000e+004,  2.3996565e-002,
  4.9750000e+004,  1.6766569e-001,
  5.0000000e+004,  8.4193704e-001,
  5.0250000e+004,  8.4479128e-001,
  5.0500000e+004,  1.6983597e-001,
  5.0750000e+004,  2.4192286e-002,
  5.1000000e+004,  8.0695637e-003,
  5.1250000e+004,  3.6674971e-003,
  5.1500000e+004,  1.9781756e-003,
  5.1750000e+004,  1.1834177e-003,
  5.2000000e+004,  7.7204069e-004,
  5.2250000e+004,  5.2489768e-004,
  5.2500000e+004,  3.7698236e-004,
  5.2750000e+004,  2.7912349e-004,
  5.3000000e+004,  2.1277104e-004,
  5.3250000e+004,  1.6484817e-004,
  5.3500000e+004,  1.3265336e-004,
  5.3750000e+004,  1.0652965e-004,
  5.4000000e+004,  8.8316019e-005,
  5.4250000e+004,  7.4113979e-005,
  5.4500000e+004,  6.2787958e-005,
  5.4750000e+004,  5.4468032e-005,
  5.5000000e+004,  4.5308593e-005,
  5.5250000e+004,  4.3094952e-005,
  5.5500000e+004,  3.8177276e-005,
  5.5750000e+004,  3.3051289e-005,
  5.6000000e+004,  3.1585817e-005,
  5.6250000e+004,  2.8983935e-005,
  5.6500000e+004,  2.6831455e-005,
  5.6750000e+004,  2.4687967e-005,
  5.7000000e+004,  2.4504825e-005,
  5.7250000e+004,  2.4488244e-005,
  5.7500000e+004,  2.3497691e-005,
  5.7750000e+004,  2.0760023e-005,
  5.8000000e+004,  1.9506626e-005,
  5.8250000e+004,  1.9799289e-005,
  5.8500000e+004,  1.9414418e-005,
  5.8750000e+004,  2.1503766e-005,
  5.9000000e+004,  2.2516702e-005,
  5.9250000e+004,  2.0246539e-005,
  5.9500000e+004,  1.8934214e-005,
  5.9750000e+004,  1.9772503e-005,
  6.0000000e+004,  1.8921402e-005,
  6.0250000e+004,  1.9024144e-005,
  6.0500000e+004,  1.9205285e-005,
  6.0750000e+004,  3.0124086e-005,
  6.1000000e+004,  3.0124086e-005,
  6.1250000e+004,  1.8947035e-005,
  6.1500000e+004,  1.9127444e-005,
  6.1750000e+004,  1.9639115e-005,
  6.2000000e+004,  1.8742939e-005,
  6.2250000e+004,  1.9309568e-005,
  6.2500000e+004,  2.8788404e-005,
  6.2750000e+004,  2.5058367e-005,
  6.3000000e+004,  1.7742946e-005,
  6.3250000e+004,  1.8844712e-005,
  6.3500000e+004,  1.7457030e-005,
  6.3750000e+004,  1.8366163e-005,
  6.4000000e+004,  1.8666970e-005,
  6.4250000e+004,  1.9309568e-005,
  6.4500000e+004,  1.9893328e-005,
  6.4750000e+004,  1.8094684e-005,
  6.5000000e+004,  1.7164099e-005,
  6.5250000e+004,  1.8021342e-005,
  6.5500000e+004,  1.8119197e-005,
  6.5750000e+004,  1.8378599e-005,
  6.6000000e+004,  1.8440908e-005,
  6.6250000e+004,  1.8316503e-005,
  6.6500000e+004,  1.7528075e-005,
  6.6750000e+004,  1.8316503e-005,
  6.7000000e+004,  1.7754960e-005,
  6.7250000e+004,  1.9062815e-005,
  6.7500000e+004,  1.9920277e-005,
  6.7750000e+004,  1.9772503e-005,
  6.8000000e+004,  1.9401281e-005,
  6.8250000e+004,  1.7984784e-005,
  6.8500000e+004,  1.8793755e-005,
  6.8750000e+004,  2.0439320e-005,
  6.9000000e+004,  1.9011271e-005,
  6.9250000e+004,  1.7671032e-005,
  6.9500000e+004,  1.9732393e-005,
  6.9750000e+004,  1.8229918e-005,
  7.0000000e+004,  1.7791053e-005,
  7.0250000e+004,  1.8666970e-005,
  7.0500000e+004,  1.9205285e-005,
  7.0750000e+004,  1.8972705e-005,
  7.1000000e+004,  1.7504360e-005,
  7.1250000e+004,  1.8021342e-005,
  7.1500000e+004,  2.0760023e-005,
  7.1750000e+004,  2.1562068e-005,
  7.2000000e+004,  1.8998407e-005,
  7.2250000e+004,  1.9049916e-005,
  7.2500000e+004,  1.9506626e-005,
  7.2750000e+004,  1.8009148e-005,
  7.3000000e+004,  1.7839289e-005,
  7.3250000e+004,  2.0703890e-005,
  7.3500000e+004,  2.0957693e-005,
  7.3750000e+004,  2.2638966e-005,
  7.4000000e+004,  2.6777025e-005,
  7.4250000e+004,  2.0633935e-005,
  7.4500000e+004,  1.7851368e-005,
  7.4750000e+004,  1.9127444e-005,
  7.5000000e+004,  2.0550304e-005,
  7.5250000e+004,  1.9599275e-005,
  7.5500000e+004,  1.8857472e-005,
  7.5750000e+004,  1.7611324e-005,
  7.6000000e+004,  1.6739555e-005,
  7.6250000e+004,  1.9348819e-005,
  7.6500000e+004,  1.9652413e-005,
  7.6750000e+004,  1.8503426e-005,
  7.7000000e+004,  2.0439320e-005,
  7.7250000e+004,  1.9586013e-005,
  7.7500000e+004,  1.8453395e-005,
  7.7750000e+004,  1.8131466e-005,
  7.8000000e+004,  1.9987813e-005,
  7.8250000e+004,  2.2870004e-005,
  7.8500000e+004,  2.0069155e-005,
  7.8750000e+004,  2.2049135e-005,
  7.9000000e+004,  1.9546280e-005,
  7.9250000e+004,  1.8229918e-005,
  7.9500000e+004,  1.8143743e-005,
  7.9750000e+004,  1.9088639e-005,
  8.0000000e+004,  1.8415958e-005,
  8.0250000e+004,  1.9283445e-005,
  8.0500000e+004,  1.9974288e-005,
  8.0750000e+004,  1.8819215e-005,
  8.1000000e+004,  2.0055575e-005,
  8.1250000e+004,  2.0260249e-005,
  8.1500000e+004,  2.0536398e-005,
  8.1750000e+004,  1.9799289e-005,
  8.2000000e+004,  1.8629101e-005,
  8.2250000e+004,  2.0164476e-005,
  8.2500000e+004,  1.9812698e-005,
  8.2750000e+004,  1.8440908e-005,
  8.3000000e+004,  1.9335727e-005,
  8.3250000e+004,  1.9192289e-005,
  8.3500000e+004,  1.9218289e-005,
  8.3750000e+004,  1.9388153e-005,
  8.4000000e+004,  2.3213128e-005,
  8.4250000e+004,  2.1532897e-005,
  8.4500000e+004,  1.7936155e-005,
  8.4750000e+004,  1.8616496e-005,
  8.5000000e+004,  1.8857472e-005,
  8.5250000e+004,  1.7718942e-005,
  8.5500000e+004,  1.7539943e-005,
  8.5750000e+004,  1.8755630e-005,
  8.6000000e+004,  1.9257357e-005,
  8.6250000e+004,  1.9153356e-005,
  8.6500000e+004,  1.8819215e-005,
  8.6750000e+004,  1.9559515e-005,
  8.7000000e+004,  1.9179303e-005,
  8.7250000e+004,  1.9652413e-005,
  8.7500000e+004,  2.1635170e-005,
  8.7750000e+004,  2.0137196e-005,
  8.8000000e+004,  1.8742939e-005,
  8.8250000e+004,  1.8478394e-005,
  8.8500000e+004,  1.8316503e-005,
  8.8750000e+004,  1.7887655e-005,
  8.9000000e+004,  1.8378599e-005,
  8.9250000e+004,  1.8328905e-005,
  8.9500000e+004,  2.0689881e-005,
  8.9750000e+004,  1.8870241e-005,
  9.0000000e+004,  1.7129277e-005,
  9.0250000e+004,  1.7924018e-005,
  9.0500000e+004,  1.8908599e-005,
  9.0750000e+004,  1.9024144e-005,
  9.1000000e+004,  1.9652413e-005,
  9.1250000e+004,  2.0123570e-005,
  9.1500000e+004,  1.8353736e-005,
  9.1750000e+004,  1.7972614e-005,
  9.2000000e+004,  1.9024144e-005,
  9.2250000e+004,  1.9785892e-005,
  9.2500000e+004,  1.9179303e-005,
  9.2750000e+004,  1.7948300e-005,
  9.3000000e+004,  2.0606020e-005,
  9.3250000e+004,  2.1300946e-005,
  9.3500000e+004,  1.9361921e-005,
  9.3750000e+004,  2.0717909e-005,
  9.4000000e+004,  2.1989517e-005,
  9.4250000e+004,  2.0508613e-005,
  9.4500000e+004,  2.0703890e-005,
  9.4750000e+004,  2.8846924e-005,
  9.5000000e+004,  2.9062517e-005,
  9.5250000e+004,  2.0301433e-005,
  9.5500000e+004,  1.9075723e-005,
  9.5750000e+004,  1.9906798e-005,
  9.6000000e+004,  1.7827218e-005,
  9.6250000e+004,  1.7960453e-005,
  9.6500000e+004,  1.8844712e-005,
  9.6750000e+004,  1.9205285e-005,
  9.7000000e+004,  1.7433413e-005,
  9.7250000e+004,  1.8033545e-005,
  9.7500000e+004,  1.7468850e-005,
  9.7750000e+004,  1.7445217e-005,
  9.8000000e+004,  1.8985551e-005,
  9.8250000e+004,  2.0109953e-005,
  9.8500000e+004,  2.0055575e-005,
  9.8750000e+004,  1.7587498e-005,
  9.9000000e+004,  1.7433413e-005,
  9.9250000e+004,  1.8591310e-005,
  9.9500000e+004,  1.9062815e-005,
  9.9750000e+004,  1.9719040e-005,
