  0.0000000e+000,  2.9181508e-002,
  2.5000000e+002,  1.4459542e-003,
  5.0000000e+002,  1.4410688e-003,
  7.5000000e+002,  1.4469337e-003,
  1.0000000e+003,  1.4498751e-003,
  1.2500000e+003,  1.4528219e-003,
  1.5000000e+003,  1.4567608e-003,
  1.7500000e+003,  1.4617000e-003,
  2.0000000e+003,  1.4646714e-003,
  2.2500000e+003,  1.4686425e-003,
  2.5000000e+003,  1.4716280e-003,
  2.7500000e+003,  1.4756179e-003,
  3.0000000e+003,  1.4796187e-003,
  3.2500000e+003,  1.4846347e-003,
  3.5000000e+003,  1.4906769e-003,
  3.7500000e+003,  1.4947185e-003,
  4.0000000e+003,  1.4977570e-003,
  4.2500000e+003,  1.5038520e-003,
  4.5000000e+003,  1.5099724e-003,
  4.7500000e+003,  1.5130419e-003,
  5.0000000e+003,  1.5202282e-003,
  5.2500000e+003,  1.5243499e-003,
  5.5000000e+003,  1.5305531e-003,
  5.7500000e+003,  1.5336645e-003,
  6.0000000e+003,  1.5409488e-003,
  6.2500000e+003,  1.5918383e-003,
  6.5000000e+003,  1.5524654e-003,
  6.7500000e+003,  1.5587836e-003,
  7.0000000e+003,  1.5640680e-003,
  7.2500000e+003,  1.5725606e-003,
  7.5000000e+003,  1.5768242e-003,
  7.7500000e+003,  1.5832416e-003,
  8.0000000e+003,  1.5875341e-003,
  8.2500000e+003,  1.5961542e-003,
  8.5000000e+003,  1.6026502e-003,
  8.7500000e+003,  1.6091727e-003,
  9.0000000e+003,  1.6157211e-003,
  9.2500000e+003,  1.6233951e-003,
  9.5000000e+003,  1.6288993e-003,
  9.7500000e+003,  1.6388527e-003,
  1.0000000e+004,  1.6455225e-003,
  1.0250000e+004,  1.6522188e-003,
  1.0500000e+004,  1.6611907e-003,
  1.0750000e+004,  1.6690800e-003,
  1.1000000e+004,  1.6770074e-003,
  1.1250000e+004,  1.6849725e-003,
  1.1500000e+004,  1.6929755e-003,
  1.1750000e+004,  1.6998656e-003,
  1.2000000e+004,  1.7102526e-003,
  1.2250000e+004,  1.7172131e-003,
  1.2500000e+004,  1.7277061e-003,
  1.2750000e+004,  1.7359120e-003,
  1.3000000e+004,  1.7465201e-003,
  1.3250000e+004,  1.7560033e-003,
  1.3500000e+004,  1.7631500e-003,
  1.3750000e+004,  1.7739237e-003,
  1.4000000e+004,  1.7847641e-003,
  1.4250000e+004,  1.7932402e-003,
  1.4500000e+004,  1.8029779e-003,
  1.4750000e+004,  1.8152231e-003,
  1.5000000e+004,  1.8238447e-003,
  1.5250000e+004,  1.8349901e-003,
  1.5500000e+004,  1.8462028e-003,
  1.5750000e+004,  1.8587424e-003,
  1.6000000e+004,  1.8675707e-003,
  1.6250000e+004,  1.8777112e-003,
  1.6500000e+004,  1.8904648e-003,
  1.6750000e+004,  1.9020165e-003,
  1.7000000e+004,  1.9136396e-003,
  1.7250000e+004,  1.9240304e-003,
  1.7500000e+004,  1.9384100e-003,
  1.7750000e+004,  1.9502547e-003,
  1.8000000e+004,  1.9621726e-003,
  1.8250000e+004,  1.9741624e-003,
  1.8500000e+004,  1.9902641e-003,
  1.8750000e+004,  2.0024256e-003,
  1.9000000e+004,  2.0146624e-003,
  1.9250000e+004,  2.0283452e-003,
  1.9500000e+004,  2.0421219e-003,
  1.9750000e+004,  2.0532103e-003,
  2.0000000e+004,  2.0713581e-003,
  2.0250000e+004,  2.0840151e-003,
  2.0500000e+004,  2.0981700e-003,
  2.0750000e+004,  2.1152822e-003,
  2.1000000e+004,  2.1296494e-003,
  2.1250000e+004,  2.1441141e-003,
  2.1500000e+004,  2.1616011e-003,
  2.1750000e+004,  2.1777562e-003,
  2.2000000e+004,  2.1955175e-003,
  2.2250000e+004,  2.2104297e-003,
  2.2500000e+004,  2.2284574e-003,
  2.2750000e+004,  2.2451123e-003,
  2.3000000e+004,  2.2618916e-003,
  2.3250000e+004,  2.2803400e-003,
  2.3500000e+004,  2.3004944e-003,
  2.3750000e+004,  2.3192567e-003,
  2.4000000e+004,  2.3365901e-003,
  2.4250000e+004,  2.3556478e-003,
  2.4500000e+004,  2.3764678e-003,
  2.4750000e+004,  2.3942288e-003,
  2.5000000e+004,  2.4153908e-003,
  2.5250000e+004,  2.4383895e-003,
  2.5500000e+004,  2.4599407e-003,
  2.5750000e+004,  2.4816835e-003,
  2.6000000e+004,  2.5036174e-003,
  2.6250000e+004,  2.5274562e-003,
  2.6500000e+004,  2.5515220e-003,
  2.6750000e+004,  2.5740743e-003,
  2.7000000e+004,  2.5985828e-003,
  2.7250000e+004,  2.6233258e-003,
  2.7500000e+004,  2.6500974e-003,
  2.7750000e+004,  2.6771422e-003,
  2.8000000e+004,  2.7044641e-003,
  2.8250000e+004,  2.7283670e-003,
  2.8500000e+004,  2.7562105e-003,
  2.8750000e+004,  2.7862244e-003,
  2.9000000e+004,  2.8165640e-003,
  2.9250000e+004,  2.8472339e-003,
  2.9500000e+004,  2.8762905e-003,
  2.9750000e+004,  2.9095805e-003,
  3.0000000e+004,  2.9412633e-003,
  3.0250000e+004,  2.9753053e-003,
  3.0500000e+004,  3.0097413e-003,
  3.0750000e+004,  3.0445745e-003,
  3.1000000e+004,  3.0839852e-003,
  3.1250000e+004,  3.1217911e-003,
  3.1500000e+004,  3.1579212e-003,
  3.1750000e+004,  3.1987976e-003,
  3.2000000e+004,  3.2358203e-003,
  3.2250000e+004,  3.2777051e-003,
  3.2500000e+004,  3.3223813e-003,
  3.2750000e+004,  3.3653865e-003,
  3.3000000e+004,  3.4112563e-003,
  3.3250000e+004,  3.4577528e-003,
  3.3500000e+004,  3.5096304e-003,
  3.3750000e+004,  3.5574662e-003,
  3.4000000e+004,  3.6108398e-003,
  3.4250000e+004,  3.6650142e-003,
  3.4500000e+004,  3.7225215e-003,
  3.4750000e+004,  3.7783714e-003,
  3.5000000e+004,  3.8350593e-003,
  3.5250000e+004,  3.9005108e-003,
  3.5500000e+004,  3.9617115e-003,
  3.5750000e+004,  4.0265966e-003,
  3.6000000e+004,  4.0953170e-003,
  3.6250000e+004,  4.1652101e-003,
  3.6500000e+004,  4.2391642e-003,
  3.6750000e+004,  4.3173541e-003,
  3.7000000e+004,  4.3969842e-003,
  3.7250000e+004,  4.4780831e-003,
  3.7500000e+004,  4.5637674e-003,
  3.7750000e+004,  4.6573910e-003,
  3.8000000e+004,  4.7497197e-003,
  3.8250000e+004,  4.8471580e-003,
  3.8500000e+004,  4.9499463e-003,
  3.8750000e+004,  5.0583365e-003,
  3.9000000e+004,  5.1690980e-003,
  3.9250000e+004,  5.2894441e-003,
  3.9500000e+004,  5.4125898e-003,
  3.9750000e+004,  5.5423521e-003,
  4.0000000e+004,  5.6752279e-003,
  4.0250000e+004,  5.8191606e-003,
  4.0500000e+004,  5.9707858e-003,
  4.0750000e+004,  6.1305068e-003,
  4.1000000e+004,  6.2945031e-003,
  4.1250000e+004,  6.4760216e-003,
  4.1500000e+004,  6.6627776e-003,
  4.1750000e+004,  6.8642042e-003,
  4.2000000e+004,  7.0765078e-003,
  4.2250000e+004,  7.3003201e-003,
  4.2500000e+004,  7.5465175e-003,
  4.2750000e+004,  7.8010211e-003,
  4.3000000e+004,  8.0804973e-003,
  4.3250000e+004,  8.3756524e-003,
  4.3500000e+004,  8.6992408e-003,
  4.3750000e+004,  9.0414439e-003,
  4.4000000e+004,  9.4162153e-003,
  4.4250000e+004,  9.8264477e-003,
  4.4500000e+004,  1.0268456e-002,
  4.4750000e+004,  1.0759433e-002,
  4.5000000e+004,  1.1289157e-002,
  4.5250000e+004,  1.1885116e-002,
  4.5500000e+004,  1.2537983e-002,
  4.5750000e+004,  1.3271542e-002,
  4.6000000e+004,  1.4095654e-002,
  4.6250000e+004,  1.5021694e-002,
  4.6500000e+004,  1.6084598e-002,
  4.6750000e+004,  1.7316228e-002,
  4.7000000e+004,  1.8730717e-002,
  4.7250000e+004,  2.0412172e-002,
  4.7500000e+004,  2.2410821e-002,
  4.7750000e+004,  2.4839450e-002,
  4.8000000e+004,  2.7868755e-002,
  4.8250000e+004,  3.1736614e-002,
  4.8500000e+004,  3.6807917e-002,
  4.8750000e+004,  4.3861218e-002,
  4.9000000e+004,  5.4175198e-002,
  4.9250000e+004,  7.0829596e-002,
  4.9500000e+004,  1.0222308e-001,
  4.9750000e+004,  1.8346065e-001,
  5.0000000e+004,  8.8518428e-001,
  5.0250000e+004,  3.1402089e-001,
  5.0500000e+004,  1.3346733e-001,
  5.0750000e+004,  8.4803127e-002,
  5.1000000e+004,  6.2155223e-002,
  5.1250000e+004,  4.9077248e-002,
  5.1500000e+004,  4.0576417e-002,
  5.1750000e+004,  3.4585608e-002,
  5.2000000e+004,  3.0145235e-002,
  5.2250000e+004,  2.6705285e-002,
  5.2500000e+004,  2.3980341e-002,
  5.2750000e+004,  2.1782651e-002,
  5.3000000e+004,  1.9947769e-002,
  5.3250000e+004,  1.8391500e-002,
  5.3500000e+004,  1.7071826e-002,
  5.3750000e+004,  1.5922103e-002,
  5.4000000e+004,  1.4930455e-002,
  5.4250000e+004,  1.4048030e-002,
  5.4500000e+004,  1.3262568e-002,
  5.4750000e+004,  1.2571971e-002,
  5.5000000e+004,  1.1941571e-002,
  5.5250000e+004,  1.1381234e-002,
  5.5500000e+004,  1.0869231e-002,
  5.5750000e+004,  1.0401371e-002,
  5.6000000e+004,  9.9671330e-003,
  5.6250000e+004,  9.5769140e-003,
  5.6500000e+004,  9.2082102e-003,
  5.6750000e+004,  8.8777018e-003,
  5.7000000e+004,  8.5590562e-003,
  5.7250000e+004,  8.2686225e-003,
  5.7500000e+004,  7.9988672e-003,
  5.7750000e+004,  7.7483933e-003,
  5.8000000e+004,  7.5108440e-003,
  5.8250000e+004,  7.2855098e-003,
  5.8500000e+004,  7.0765078e-003,
  5.8750000e+004,  6.8781581e-003,
  5.9000000e+004,  6.6944231e-003,
  5.9250000e+004,  6.5155962e-003,
  5.9500000e+004,  6.3501358e-003,
  5.9750000e+004,  6.1888799e-003,
  6.0000000e+004,  6.0398887e-003,
  6.0250000e+004,  5.8944844e-003,
  6.0500000e+004,  5.7603748e-003,
  6.0750000e+004,  5.6293165e-003,
  6.1000000e+004,  5.5049643e-003,
  6.1250000e+004,  5.3870037e-003,
  6.1500000e+004,  5.2715708e-003,
  6.1750000e+004,  5.1621060e-003,
  6.2000000e+004,  5.0617611e-003,
  6.2250000e+004,  4.9600088e-003,
  6.2500000e+004,  4.8635924e-003,
  6.2750000e+004,  4.7690502e-003,
  6.3000000e+004,  4.6795117e-003,
  6.3250000e+004,  4.5947649e-003,
  6.3500000e+004,  4.5115510e-003,
  6.3750000e+004,  4.4328450e-003,
  6.4000000e+004,  4.3584609e-003,
  6.4250000e+004,  4.2824257e-003,
  6.4500000e+004,  4.2134181e-003,
  6.4750000e+004,  4.1427159e-003,
  6.5000000e+004,  4.0759578e-003,
  6.5250000e+004,  4.0129923e-003,
  6.5500000e+004,  3.9509994e-003,
  6.5750000e+004,  3.8925977e-003,
  6.6000000e+004,  3.8324630e-003,
  6.6250000e+004,  3.7758135e-003,
  6.6500000e+004,  3.7200014e-003,
  6.6750000e+004,  3.6699800e-003,
  6.7000000e+004,  3.6157322e-003,
  6.7250000e+004,  3.5671113e-003,
  6.7500000e+004,  3.5167649e-003,
  6.7750000e+004,  3.4718238e-003,
  6.8000000e+004,  3.4228222e-003,
  6.8250000e+004,  3.3813707e-003,
  6.8500000e+004,  3.3359013e-003,
  6.8750000e+004,  3.2955024e-003,
  6.9000000e+004,  3.2555928e-003,
  6.9250000e+004,  3.2161679e-003,
  6.9500000e+004,  3.1772190e-003,
  6.9750000e+004,  3.1387419e-003,
  7.0000000e+004,  3.1028299e-003,
  7.0250000e+004,  3.0673288e-003,
  7.0500000e+004,  3.0342881e-003,
  7.0750000e+004,  2.9995712e-003,
  7.1000000e+004,  2.9672603e-003,
  7.1250000e+004,  2.9313258e-003,
  7.1500000e+004,  2.9017133e-003,
  7.1750000e+004,  2.8723999e-003,
  7.2000000e+004,  2.8414576e-003,
  7.2250000e+004,  2.8108499e-003,
  7.2500000e+004,  2.7843382e-003,
  7.2750000e+004,  2.7599450e-003,
  7.3000000e+004,  2.7302141e-003,
  7.3250000e+004,  2.7044641e-003,
  7.3500000e+004,  2.6789558e-003,
  7.3750000e+004,  2.6536881e-003,
  7.4000000e+004,  2.6268802e-003,
  7.4250000e+004,  2.6038653e-003,
  7.4500000e+004,  2.5793058e-003,
  7.4750000e+004,  2.5584398e-003,
  7.5000000e+004,  2.5360256e-003,
  7.5250000e+004,  2.5138067e-003,
  7.5500000e+004,  2.4884120e-003,
  7.5750000e+004,  2.4699523e-003,
  7.6000000e+004,  2.4499709e-003,
  7.6250000e+004,  2.4301500e-003,
  7.6500000e+004,  2.4088598e-003,
  7.6750000e+004,  2.3893716e-003,
  7.7000000e+004,  2.3716466e-003,
  7.7250000e+004,  2.3508689e-003,
  7.7500000e+004,  2.3334295e-003,
  7.7750000e+004,  2.3161195e-003,
  7.8000000e+004,  2.2958273e-003,
  7.8250000e+004,  2.2787963e-003,
  7.8500000e+004,  2.2634239e-003,
  7.8750000e+004,  2.2496762e-003,
  7.9000000e+004,  2.2299671e-003,
  7.9250000e+004,  2.2149231e-003,
  7.9500000e+004,  2.1999807e-003,
  7.9750000e+004,  2.1821833e-003,
  8.0000000e+004,  2.1703984e-003,
  8.0250000e+004,  2.1513829e-003,
  8.0500000e+004,  2.1368690e-003,
  8.0750000e+004,  2.1224541e-003,
  8.1000000e+004,  2.1081354e-003,
  8.1250000e+004,  2.0939134e-003,
  8.1500000e+004,  2.0826052e-003,
  8.1750000e+004,  2.0671559e-003,
  8.2000000e+004,  2.0532103e-003,
  8.2250000e+004,  2.0393588e-003,
  8.2500000e+004,  2.0256016e-003,
  8.2750000e+004,  2.0105752e-003,
  8.3000000e+004,  1.9997162e-003,
  8.3250000e+004,  1.9902641e-003,
  8.3500000e+004,  1.9754998e-003,
  8.3750000e+004,  1.9635010e-003,
  8.4000000e+004,  1.9528971e-003,
  8.4250000e+004,  1.9370986e-003,
  8.4500000e+004,  1.9266364e-003,
  8.4750000e+004,  1.9149352e-003,
  8.5000000e+004,  1.9033051e-003,
  8.5250000e+004,  1.8904648e-003,
  8.5500000e+004,  1.8815283e-003,
  8.5750000e+004,  1.8701003e-003,
  8.6000000e+004,  1.8600008e-003,
  8.6250000e+004,  1.8499559e-003,
  8.6500000e+004,  1.8374756e-003,
  8.6750000e+004,  1.8275523e-003,
  8.7000000e+004,  1.8189132e-003,
  8.7250000e+004,  1.8066423e-003,
  8.7500000e+004,  1.7981029e-003,
  8.7750000e+004,  1.7883914e-003,
  8.8000000e+004,  1.7799374e-003,
  8.8250000e+004,  1.7715242e-003,
  8.8500000e+004,  1.7607643e-003,
  8.8750000e+004,  1.7524409e-003,
  8.9000000e+004,  1.7441569e-003,
  8.9250000e+004,  1.7359120e-003,
  8.9500000e+004,  1.7288765e-003,
  8.9750000e+004,  1.7207039e-003,
  9.0000000e+004,  1.7125699e-003,
  9.0250000e+004,  1.7067830e-003,
  9.0500000e+004,  1.6987155e-003,
  9.0750000e+004,  1.6906855e-003,
  9.1000000e+004,  1.6849725e-003,
  9.1250000e+004,  1.6781435e-003,
  9.1500000e+004,  1.6702107e-003,
  9.1750000e+004,  1.6656946e-003,
  9.2000000e+004,  1.6611907e-003,
  9.2250000e+004,  1.6533381e-003,
  9.2500000e+004,  1.6499839e-003,
  9.2750000e+004,  1.6432960e-003,
  9.3000000e+004,  1.6355279e-003,
  9.3250000e+004,  1.6288993e-003,
  9.3500000e+004,  1.6244949e-003,
  9.3750000e+004,  1.6190056e-003,
  9.4000000e+004,  1.6157211e-003,
  9.4250000e+004,  1.6069954e-003,
  9.4500000e+004,  1.6015660e-003,
  9.4750000e+004,  1.5950743e-003,
  9.5000000e+004,  1.5886089e-003,
  9.5250000e+004,  1.5778924e-003,
  9.5500000e+004,  1.5736260e-003,
  9.5750000e+004,  1.5661872e-003,
  9.6000000e+004,  1.5566745e-003,
  9.6250000e+004,  1.5461734e-003,
  9.6500000e+004,  1.5388644e-003,
  9.6750000e+004,  1.5305531e-003,
  9.7000000e+004,  1.5202282e-003,
  9.7250000e+004,  1.5058896e-003,
  9.7500000e+004,  1.4947185e-003,
  9.7750000e+004,  1.4856398e-003,
  9.8000000e+004,  1.4706317e-003,
  9.8250000e+004,  1.4597222e-003,
  9.8500000e+004,  1.4459542e-003,
  9.8750000e+004,  1.4323167e-003,
  9.9000000e+004,  1.4207289e-003,
  9.9250000e+004,  1.4101896e-003,
  9.9500000e+004,  1.4006767e-003,
  9.9750000e+004,  1.3893449e-003,
