  0.0000000e+000,  2.8248615e-002,
  2.5000000e+002,  1.9218777e-002,
  5.0000000e+002,  5.5762211e-003,
  7.5000000e+002,  4.8231178e-004,
  1.0000000e+003,  3.7384517e-005,
  1.2500000e+003,  2.8209692e-005,
  1.5000000e+003,  2.4721412e-005,
  1.7500000e+003,  2.3866382e-005,
  2.0000000e+003,  2.3197421e-005,
  2.2500000e+003,  2.2334544e-005,
  2.5000000e+003,  2.1664479e-005,
  2.7500000e+003,  2.0397856e-005,
  3.0000000e+003,  2.0301433e-005,
  3.2500000e+003,  2.0453159e-005,
  3.5000000e+003,  2.0802223e-005,
  3.7500000e+003,  2.0971884e-005,
  4.0000000e+003,  2.0830406e-005,
  4.2500000e+003,  2.0342700e-005,
  4.5000000e+003,  2.0661888e-005,
  4.7500000e+003,  2.1100037e-005,
  5.0000000e+003,  2.1028746e-005,
  5.2500000e+003,  2.7623909e-005,
  5.5000000e+003,  5.0491289e-005,
  5.7500000e+003,  9.2978299e-005,
  6.0000000e+003,  2.6014946e-004,
  6.2500000e+003,  3.8082954e-004,
  6.5000000e+003,  2.5962169e-004,
  6.7500000e+003,  7.8079345e-005,
  7.0000000e+003,  2.1085759e-005,
  7.2500000e+003,  1.8908599e-005,
  7.5000000e+003,  1.9839538e-005,
  7.7500000e+003,  1.9572759e-005,
  8.0000000e+003,  1.8279344e-005,
  8.2500000e+003,  1.8328905e-005,
  8.5000000e+003,  1.8908599e-005,
  8.7500000e+003,  1.9062815e-005,
  9.0000000e+003,  1.8831960e-005,
  9.2500000e+003,  1.9453882e-005,
  9.5000000e+003,  1.9467055e-005,
  9.7500000e+003,  1.9826113e-005,
  1.0000000e+004,  2.0014890e-005,
  1.0250000e+004,  2.0943511e-005,
  1.0500000e+004,  2.1679148e-005,
  1.0750000e+004,  2.1257732e-005,
  1.1000000e+004,  2.0480867e-005,
  1.1250000e+004,  1.9906798e-005,
  1.1500000e+004,  1.9440718e-005,
  1.1750000e+004,  2.0397856e-005,
  1.2000000e+004,  2.4224458e-005,
  1.2250000e+004,  5.4100576e-005,
  1.2500000e+004,  7.7920944e-005,
  1.2750000e+004,  5.5322659e-005,
  1.3000000e+004,  2.4906172e-005,
  1.3250000e+004,  1.9839538e-005,
  1.3500000e+004,  1.9467055e-005,
  1.3750000e+004,  1.8985551e-005,
  1.4000000e+004,  2.0356474e-005,
  1.4250000e+004,  2.0689881e-005,
  1.4500000e+004,  2.0508613e-005,
  1.4750000e+004,  2.0986086e-005,
  1.5000000e+004,  2.2700348e-005,
  1.5250000e+004,  5.2158766e-005,
  1.5500000e+004,  1.1719819e-004,
  1.5750000e+004,  1.2625776e-004,
  1.6000000e+004,  6.5081419e-005,
  1.6250000e+004,  2.4355993e-005,
  1.6500000e+004,  2.1014516e-005,
  1.6750000e+004,  2.1620530e-005,
  1.7000000e+004,  2.2319431e-005,
  1.7250000e+004,  2.0411668e-005,
  1.7500000e+004,  1.8328905e-005,
  1.7750000e+004,  1.8057977e-005,
  1.8000000e+004,  1.8229918e-005,
  1.8250000e+004,  1.8603899e-005,
  1.8500000e+004,  2.3834094e-005,
  1.8750000e+004,  3.1372734e-005,
  1.9000000e+004,  2.6097041e-005,
  1.9250000e+004,  1.9559515e-005,
  1.9500000e+004,  1.8603899e-005,
  1.9750000e+004,  1.8603899e-005,
  2.0000000e+004,  1.8934214e-005,
  2.0250000e+004,  1.8831960e-005,
  2.0500000e+004,  1.8819215e-005,
  2.0750000e+004,  1.9639115e-005,
  2.1000000e+004,  1.9519837e-005,
  2.1250000e+004,  1.9812698e-005,
  2.1500000e+004,  2.2049135e-005,
  2.1750000e+004,  2.3260314e-005,
  2.2000000e+004,  2.2900986e-005,
  2.2250000e+004,  2.2669635e-005,
  2.2500000e+004,  2.0578143e-005,
  2.2750000e+004,  1.9572759e-005,
  2.3000000e+004,  1.9153356e-005,
  2.3250000e+004,  1.9665722e-005,
  2.3500000e+004,  2.1171573e-005,
  2.3750000e+004,  2.2684985e-005,
  2.4000000e+004,  2.2349667e-005,
  2.4250000e+004,  2.0901025e-005,
  2.4500000e+004,  2.1100037e-005,
  2.4750000e+004,  2.2761894e-005,
  2.5000000e+004,  2.2978624e-005,
  2.5250000e+004,  2.0150831e-005,
  2.5500000e+004,  1.9679038e-005,
  2.5750000e+004,  2.1826393e-005,
  2.6000000e+004,  2.3307597e-005,
  2.6250000e+004,  2.5211492e-005,
  2.6500000e+004,  2.3260314e-005,
  2.6750000e+004,  2.0943511e-005,
  2.7000000e+004,  2.1358698e-005,
  2.7250000e+004,  2.2777306e-005,
  2.7500000e+004,  2.2410265e-005,
  2.7750000e+004,  2.0001347e-005,
  2.8000000e+004,  2.0550304e-005,
  2.8250000e+004,  2.2455819e-005,
  2.8500000e+004,  2.2183871e-005,
  2.8750000e+004,  2.0287695e-005,
  2.9000000e+004,  2.0606020e-005,
  2.9250000e+004,  2.0858625e-005,
  2.9500000e+004,  2.0287695e-005,
  2.9750000e+004,  2.0219146e-005,
  3.0000000e+004,  2.0467009e-005,
  3.0250000e+004,  2.0703890e-005,
  3.0500000e+004,  2.0356474e-005,
  3.0750000e+004,  2.1944908e-005,
  3.1000000e+004,  4.1184156e-005,
  3.1250000e+004,  6.3300042e-005,
  3.1500000e+004,  5.1318261e-005,
  3.1750000e+004,  2.7141995e-005,
  3.2000000e+004,  2.1243348e-005,
  3.2250000e+004,  2.0731938e-005,
  3.2500000e+004,  2.0028443e-005,
  3.2750000e+004,  1.9309568e-005,
  3.3000000e+004,  1.9586013e-005,
  3.3250000e+004,  1.9519837e-005,
  3.3500000e+004,  2.0109953e-005,
  3.3750000e+004,  2.1344245e-005,
  3.4000000e+004,  2.1300946e-005,
  3.4250000e+004,  1.9906798e-005,
  3.4500000e+004,  2.0028443e-005,
  3.4750000e+004,  2.0633935e-005,
  3.5000000e+004,  2.1114324e-005,
  3.5250000e+004,  2.0844511e-005,
  3.5500000e+004,  2.0232837e-005,
  3.5750000e+004,  2.0578143e-005,
  3.6000000e+004,  1.9772503e-005,
  3.6250000e+004,  1.9719040e-005,
  3.6500000e+004,  2.0260249e-005,
  3.6750000e+004,  1.9192289e-005,
  3.7000000e+004,  1.8033545e-005,
  3.7250000e+004,  1.8242262e-005,
  3.7500000e+004,  2.0028443e-005,
  3.7750000e+004,  2.0689881e-005,
  3.8000000e+004,  1.8972705e-005,
  3.8250000e+004,  1.9679038e-005,
  3.8500000e+004,  2.6940649e-005,
  3.8750000e+004,  3.2299312e-005,
  3.9000000e+004,  2.6026477e-005,
  3.9250000e+004,  2.1042985e-005,
  3.9500000e+004,  2.3025334e-005,
  3.9750000e+004,  2.5245646e-005,
  4.0000000e+004,  2.3641279e-005,
  4.0250000e+004,  2.1605900e-005,
  4.0500000e+004,  1.9920277e-005,
  4.0750000e+004,  1.8717582e-005,
  4.1000000e+004,  1.9127444e-005,
  4.1250000e+004,  1.9414418e-005,
  4.1500000e+004,  2.0480867e-005,
  4.1750000e+004,  2.1114324e-005,
  4.2000000e+004,  2.1071492e-005,
  4.2250000e+004,  2.0703890e-005,
  4.2500000e+004,  2.0633935e-005,
  4.2750000e+004,  2.0508613e-005,
  4.3000000e+004,  2.0745976e-005,
  4.3250000e+004,  2.2064068e-005,
  4.3500000e+004,  2.2839061e-005,
  4.3750000e+004,  2.2334544e-005,
  4.4000000e+004,  2.1228974e-005,
  4.4250000e+004,  2.3072141e-005,
  4.4500000e+004,  2.3609295e-005,
  4.4750000e+004,  2.1460143e-005,
  4.5000000e+004,  2.0480867e-005,
  4.5250000e+004,  2.0467009e-005,
  4.5500000e+004,  2.1605900e-005,
  4.5750000e+004,  2.1826393e-005,
  4.6000000e+004,  2.2623647e-005,
  4.6250000e+004,  2.2471024e-005,
  4.6500000e+004,  2.4372485e-005,
  4.6750000e+004,  3.3501781e-005,
  4.7000000e+004,  3.8619138e-005,
  4.7250000e+004,  2.8478295e-005,
  4.7500000e+004,  2.3244575e-005,
  4.7750000e+004,  2.4142608e-005,
  4.8000000e+004,  2.3673305e-005,
  4.8250000e+004,  2.6238746e-005,
  4.8500000e+004,  2.4339512e-005,
  4.8750000e+004,  2.0717909e-005,
  4.9000000e+004,  2.1841172e-005,
  4.9250000e+004,  5.8507576e-003,
  4.9500000e+004,  1.1839718e-001,
  4.9750000e+004,  5.3459238e-001,
  5.0000000e+004,  9.6857316e-001,
  5.0250000e+004,  8.0733425e-001,
  5.0500000e+004,  2.9827484e-001,
  5.0750000e+004,  3.6982723e-002,
  5.1000000e+004,  3.5494197e-004,
  5.1250000e+004,  2.6542426e-005,
  5.1500000e+004,  2.4306584e-005,
  5.1750000e+004,  2.7868064e-005,
  5.2000000e+004,  2.6256513e-005,
  5.2250000e+004,  2.4889319e-005,
  5.2500000e+004,  2.3545458e-005,
  5.2750000e+004,  2.3673305e-005,
  5.3000000e+004,  2.2455819e-005,
  5.3250000e+004,  2.1974637e-005,
  5.3500000e+004,  2.2228968e-005,
  5.3750000e+004,  2.2854526e-005,
  5.4000000e+004,  2.4339512e-005,
  5.4250000e+004,  2.4093632e-005,
  5.4500000e+004,  2.2900986e-005,
  5.4750000e+004,  2.2978624e-005,
  5.5000000e+004,  2.1157247e-005,
  5.5250000e+004,  2.1562068e-005,
  5.5500000e+004,  2.3545458e-005,
  5.5750000e+004,  2.3386616e-005,
  5.6000000e+004,  2.0536398e-005,
  5.6250000e+004,  1.9153356e-005,
  5.6500000e+004,  1.9692363e-005,
  5.6750000e+004,  2.1708517e-005,
  5.7000000e+004,  2.1974637e-005,
  5.7250000e+004,  2.2531948e-005,
  5.7500000e+004,  2.3418298e-005,
  5.7750000e+004,  2.3103397e-005,
  5.8000000e+004,  2.1900391e-005,
  5.8250000e+004,  2.1157247e-005,
  5.8500000e+004,  2.0774081e-005,
  5.8750000e+004,  2.1286533e-005,
  5.9000000e+004,  2.1915220e-005,
  5.9250000e+004,  2.2516702e-005,
  5.9500000e+004,  2.0872749e-005,
  5.9750000e+004,  2.0550304e-005,
  6.0000000e+004,  2.1057233e-005,
  6.0250000e+004,  2.1576668e-005,
  6.0500000e+004,  2.2777306e-005,
  6.0750000e+004,  2.2289236e-005,
  6.1000000e+004,  2.3072141e-005,
  6.1250000e+004,  3.1245574e-005,
  6.1500000e+004,  3.3820773e-005,
  6.1750000e+004,  2.5833406e-005,
  6.2000000e+004,  2.2123888e-005,
  6.2250000e+004,  2.4721412e-005,
  6.2500000e+004,  3.0287658e-005,
  6.2750000e+004,  2.8749454e-005,
  6.3000000e+004,  2.2486240e-005,
  6.3250000e+004,  2.0536398e-005,
  6.3500000e+004,  2.1171573e-005,
  6.3750000e+004,  2.0886882e-005,
  6.4000000e+004,  2.1460143e-005,
  6.4250000e+004,  2.1959768e-005,
  6.4500000e+004,  2.1373160e-005,
  6.4750000e+004,  2.1071492e-005,
  6.5000000e+004,  2.1974637e-005,
  6.5250000e+004,  2.2049135e-005,
  6.5500000e+004,  2.2123888e-005,
  6.5750000e+004,  2.3291825e-005,
  6.6000000e+004,  2.4372485e-005,
  6.6250000e+004,  2.3513601e-005,
  6.6500000e+004,  2.0788147e-005,
  6.6750000e+004,  2.0109953e-005,
  6.7000000e+004,  2.1489215e-005,
  6.7250000e+004,  2.1431110e-005,
  6.7500000e+004,  2.1157247e-005,
  6.7750000e+004,  2.0872749e-005,
  6.8000000e+004,  2.0633935e-005,
  6.8250000e+004,  2.0494735e-005,
  6.8500000e+004,  2.1649819e-005,
  6.8750000e+004,  2.3119040e-005,
  6.9000000e+004,  2.3529525e-005,
  6.9250000e+004,  2.4077328e-005,
  6.9500000e+004,  2.4273700e-005,
  6.9750000e+004,  2.3197421e-005,
  7.0000000e+004,  2.2654295e-005,
  7.0250000e+004,  2.1959768e-005,
  7.0500000e+004,  2.0042005e-005,
  7.0750000e+004,  1.9586013e-005,
  7.1000000e+004,  2.1723216e-005,
  7.1250000e+004,  2.3040927e-005,
  7.1500000e+004,  2.2963076e-005,
  7.1750000e+004,  2.3785744e-005,
  7.2000000e+004,  2.3450023e-005,
  7.2250000e+004,  2.3181721e-005,
  7.2500000e+004,  2.3931092e-005,
  7.2750000e+004,  2.4142608e-005,
  7.3000000e+004,  2.0689881e-005,
  7.3250000e+004,  2.0205465e-005,
  7.3500000e+004,  2.2654295e-005,
  7.3750000e+004,  2.6777025e-005,
  7.4000000e+004,  2.8886003e-005,
  7.4250000e+004,  2.3834094e-005,
  7.4500000e+004,  2.1085759e-005,
  7.4750000e+004,  2.0014890e-005,
  7.5000000e+004,  2.0287695e-005,
  7.5250000e+004,  2.1387633e-005,
  7.5500000e+004,  2.1358698e-005,
  7.5750000e+004,  2.0633935e-005,
  7.6000000e+004,  2.0830406e-005,
  7.6250000e+004,  2.0774081e-005,
  7.6500000e+004,  2.0411668e-005,
  7.6750000e+004,  2.0425489e-005,
  7.7000000e+004,  1.9101565e-005,
  7.7250000e+004,  1.9493427e-005,
  7.7500000e+004,  2.0802223e-005,
  7.7750000e+004,  2.0287695e-005,
  7.8000000e+004,  2.2395101e-005,
  7.8250000e+004,  2.5833406e-005,
  7.8500000e+004,  2.4109946e-005,
  7.8750000e+004,  2.1723216e-005,
  7.9000000e+004,  2.1474674e-005,
  7.9250000e+004,  2.2349667e-005,
  7.9500000e+004,  2.1708517e-005,
  7.9750000e+004,  2.1532897e-005,
  8.0000000e+004,  2.2349667e-005,
  8.0250000e+004,  2.2839061e-005,
  8.0500000e+004,  2.2410265e-005,
  8.0750000e+004,  2.1057233e-005,
  8.1000000e+004,  2.0745976e-005,
  8.1250000e+004,  2.0578143e-005,
  8.1500000e+004,  2.0788147e-005,
  8.1750000e+004,  2.2019306e-005,
  8.2000000e+004,  2.3056529e-005,
  8.2250000e+004,  2.2963076e-005,
  8.2500000e+004,  2.1826393e-005,
  8.2750000e+004,  2.1915220e-005,
  8.3000000e+004,  2.3850233e-005,
  8.3250000e+004,  2.4504825e-005,
  8.3500000e+004,  2.1930059e-005,
  8.3750000e+004,  2.2153860e-005,
  8.4000000e+004,  2.3434155e-005,
  8.4250000e+004,  2.2994184e-005,
  8.4500000e+004,  2.1855961e-005,
  8.4750000e+004,  2.1228974e-005,
  8.5000000e+004,  2.1257732e-005,
  8.5250000e+004,  2.1518327e-005,
  8.5500000e+004,  2.0467009e-005,
  8.5750000e+004,  2.0494735e-005,
  8.6000000e+004,  2.2777306e-005,
  8.6250000e+004,  2.3134695e-005,
  8.6500000e+004,  2.1974637e-005,
  8.6750000e+004,  2.1562068e-005,
  8.7000000e+004,  2.0689881e-005,
  8.7250000e+004,  2.0001347e-005,
  8.7500000e+004,  2.1796864e-005,
  8.7750000e+004,  2.4175314e-005,
  8.8000000e+004,  2.3513601e-005,
  8.8250000e+004,  2.1826393e-005,
  8.8500000e+004,  2.2808163e-005,
  8.8750000e+004,  2.4355993e-005,
  8.9000000e+004,  2.3291825e-005,
  8.9250000e+004,  2.2093958e-005,
  8.9500000e+004,  2.1605900e-005,
  8.9750000e+004,  2.1900391e-005,
  9.0000000e+004,  2.1028746e-005,
  9.0250000e+004,  2.0717909e-005,
  9.0500000e+004,  2.1989517e-005,
  9.0750000e+004,  2.1796864e-005,
  9.1000000e+004,  2.1664479e-005,
  9.1250000e+004,  2.1796864e-005,
  9.1500000e+004,  2.0606020e-005,
  9.1750000e+004,  2.1272127e-005,
  9.2000000e+004,  2.3213128e-005,
  9.2250000e+004,  2.3087763e-005,
  9.2500000e+004,  2.2319431e-005,
  9.2750000e+004,  2.1989517e-005,
  9.3000000e+004,  2.2777306e-005,
  9.3250000e+004,  2.2334544e-005,
  9.3500000e+004,  2.2486240e-005,
  9.3750000e+004,  2.3995975e-005,
  9.4000000e+004,  2.4990612e-005,
  9.4250000e+004,  3.0267163e-005,
  9.4500000e+004,  3.2939614e-005,
  9.4750000e+004,  2.6150089e-005,
  9.5000000e+004,  2.2334544e-005,
  9.5250000e+004,  2.2978624e-005,
  9.5500000e+004,  2.2577752e-005,
  9.5750000e+004,  2.1605900e-005,
  9.6000000e+004,  2.1272127e-005,
  9.6250000e+004,  2.1387633e-005,
  9.6500000e+004,  2.2034215e-005,
  9.6750000e+004,  2.2455819e-005,
  9.7000000e+004,  2.2577752e-005,
  9.7250000e+004,  2.3119040e-005,
  9.7500000e+004,  2.3753565e-005,
  9.7750000e+004,  2.3769649e-005,
  9.8000000e+004,  2.3244575e-005,
  9.8250000e+004,  2.3213128e-005,
  9.8500000e+004,  2.3119040e-005,
  9.8750000e+004,  2.3801850e-005,
  9.9000000e+004,  2.4554637e-005,
  9.9250000e+004,  2.4355993e-005,
  9.9500000e+004,  2.6596382e-005,
  9.9750000e+004,  9.8484841e-005,
