  0.0000000e+000,  2.9599299e-002,
  2.5000000e+002,  1.4809664e-002,
  5.0000000e+002,  5.3264828e-005,
  7.5000000e+002,  4.3534754e-005,
  1.0000000e+003,  2.4855648e-005,
  1.2500000e+003,  1.9388153e-005,
  1.5000000e+003,  2.0675881e-005,
  1.7500000e+003,  2.0001347e-005,
  2.0000000e+003,  2.0273967e-005,
  2.2500000e+003,  1.9427564e-005,
  2.5000000e+003,  1.8895804e-005,
  2.7500000e+003,  1.8082440e-005,
  3.0000000e+003,  1.7002208e-005,
  3.2500000e+003,  1.6062438e-005,
  3.5000000e+003,  1.7374508e-005,
  3.7500000e+003,  1.6604134e-005,
  4.0000000e+003,  1.7117687e-005,
  4.2500000e+003,  1.8106936e-005,
  4.5000000e+003,  1.8781038e-005,
  4.7500000e+003,  1.8755630e-005,
  5.0000000e+003,  1.8490906e-005,
  5.2500000e+003,  1.7730940e-005,
  5.5000000e+003,  4.4488036e-005,
  5.7500000e+003,  5.7889443e-005,
  6.0000000e+003,  1.8913023e-004,
  6.2500000e+003,  3.7954286e-004,
  6.5000000e+003,  1.9106035e-004,
  6.7500000e+003,  1.8478394e-005,
  7.0000000e+003,  1.8528493e-005,
  7.2500000e+003,  1.7803100e-005,
  7.5000000e+003,  1.7468850e-005,
  7.7500000e+003,  1.6956236e-005,
  8.0000000e+003,  1.6171533e-005,
  8.2500000e+003,  1.7587498e-005,
  8.5000000e+003,  1.9309568e-005,
  8.7500000e+003,  1.8353736e-005,
  9.0000000e+003,  1.7671032e-005,
  9.2500000e+003,  1.6716909e-005,
  9.5000000e+003,  1.6138728e-005,
  9.7500000e+003,  1.6581671e-005,
  1.0000000e+004,  1.7682997e-005,
  1.0250000e+004,  1.7480679e-005,
  1.0500000e+004,  1.6649152e-005,
  1.0750000e+004,  1.6898943e-005,
  1.1000000e+004,  1.7268982e-005,
  1.1250000e+004,  1.9519837e-005,
  1.1500000e+004,  1.9440718e-005,
  1.1750000e+004,  1.7036771e-005,
  1.2000000e+004,  1.7551820e-005,
  1.2250000e+004,  4.2630741e-005,
  1.2500000e+004,  8.0005378e-005,
  1.2750000e+004,  4.2717393e-005,
  1.3000000e+004,  1.6380861e-005,
  1.3250000e+004,  1.7433413e-005,
  1.3500000e+004,  1.7779013e-005,
  1.3750000e+004,  1.8242262e-005,
  1.4000000e+004,  1.8328905e-005,
  1.4250000e+004,  1.6570451e-005,
  1.4500000e+004,  1.6750890e-005,
  1.4750000e+004,  1.9533054e-005,
  1.5000000e+004,  1.9024144e-005,
  1.5250000e+004,  2.4838829e-005,
  1.5500000e+004,  1.0660177e-004,
  1.5750000e+004,  1.1895654e-004,
  1.6000000e+004,  3.2695259e-005,
  1.6250000e+004,  1.7766982e-005,
  1.6500000e+004,  1.7175721e-005,
  1.6750000e+004,  1.7492515e-005,
  1.7000000e+004,  1.8844712e-005,
  1.7250000e+004,  1.7257297e-005,
  1.7500000e+004,  1.8266975e-005,
  1.7750000e+004,  1.8781038e-005,
  1.8000000e+004,  1.8168324e-005,
  1.8250000e+004,  1.6248342e-005,
  1.8500000e+004,  2.1028746e-005,
  1.8750000e+004,  3.0410916e-005,
  1.9000000e+004,  1.9799289e-005,
  1.9250000e+004,  1.5986510e-005,
  1.9500000e+004,  1.6492120e-005,
  1.9750000e+004,  1.6796307e-005,
  2.0000000e+004,  1.6819061e-005,
  2.0250000e+004,  1.8009148e-005,
  2.0500000e+004,  1.7551820e-005,
  2.0750000e+004,  1.7647123e-005,
  2.1000000e+004,  1.6347631e-005,
  2.1250000e+004,  1.6762232e-005,
  2.1500000e+004,  1.7480679e-005,
  2.1750000e+004,  1.9639115e-005,
  2.2000000e+004,  1.7911890e-005,
  2.2250000e+004,  1.7002208e-005,
  2.2500000e+004,  1.8205256e-005,
  2.2750000e+004,  1.7421616e-005,
  2.3000000e+004,  1.7899767e-005,
  2.3250000e+004,  1.7327529e-005,
  2.3500000e+004,  1.7257297e-005,
  2.3750000e+004,  1.7386272e-005,
  2.4000000e+004,  1.7292378e-005,
  2.4250000e+004,  1.7504360e-005,
  2.4500000e+004,  1.8070204e-005,
  2.4750000e+004,  2.0219146e-005,
  2.5000000e+004,  2.3150360e-005,
  2.5250000e+004,  1.8341316e-005,
  2.5500000e+004,  1.6380861e-005,
  2.5750000e+004,  1.7315804e-005,
  2.6000000e+004,  1.9679038e-005,
  2.6250000e+004,  2.2715719e-005,
  2.6500000e+004,  2.1591280e-005,
  2.6750000e+004,  1.8857472e-005,
  2.7000000e+004,  1.7730940e-005,
  2.7250000e+004,  1.9785892e-005,
  2.7500000e+004,  2.1387633e-005,
  2.7750000e+004,  1.7899767e-005,
  2.8000000e+004,  1.7516212e-005,
  2.8250000e+004,  2.0689881e-005,
  2.8500000e+004,  2.0703890e-005,
  2.8750000e+004,  1.7803100e-005,
  2.9000000e+004,  1.8045758e-005,
  2.9250000e+004,  1.8641716e-005,
  2.9500000e+004,  1.7059851e-005,
  2.9750000e+004,  1.7972614e-005,
  3.0000000e+004,  1.8440908e-005,
  3.0250000e+004,  1.8768330e-005,
  3.0500000e+004,  1.8021342e-005,
  3.0750000e+004,  1.8156028e-005,
  3.1000000e+004,  2.8768924e-005,
  3.1250000e+004,  6.1110715e-005,
  3.1500000e+004,  4.1184156e-005,
  3.1750000e+004,  1.7587498e-005,
  3.2000000e+004,  1.6193441e-005,
  3.2250000e+004,  1.6414159e-005,
  3.2500000e+004,  1.8403497e-005,
  3.2750000e+004,  1.8515956e-005,
  3.3000000e+004,  1.6853250e-005,
  3.3250000e+004,  1.7504360e-005,
  3.3500000e+004,  1.7911890e-005,
  3.3750000e+004,  1.7421616e-005,
  3.4000000e+004,  1.7468850e-005,
  3.4250000e+004,  1.7315804e-005,
  3.4500000e+004,  1.7863456e-005,
  3.4750000e+004,  1.7766982e-005,
  3.5000000e+004,  1.7386272e-005,
  3.5250000e+004,  1.7152484e-005,
  3.5500000e+004,  1.6160591e-005,
  3.5750000e+004,  1.6739555e-005,
  3.6000000e+004,  1.8328905e-005,
  3.6250000e+004,  1.8781038e-005,
  3.6500000e+004,  1.9639115e-005,
  3.6750000e+004,  1.9088639e-005,
  3.7000000e+004,  1.8440908e-005,
  3.7250000e+004,  1.7280677e-005,
  3.7500000e+004,  1.8242262e-005,
  3.7750000e+004,  1.7551820e-005,
  3.8000000e+004,  1.6921838e-005,
  3.8250000e+004,  1.7457030e-005,
  3.8500000e+004,  2.2947537e-005,
  3.8750000e+004,  3.0124086e-005,
  3.9000000e+004,  1.9625826e-005,
  3.9250000e+004,  1.7245619e-005,
  3.9500000e+004,  1.8291721e-005,
  3.9750000e+004,  2.1974637e-005,
  4.0000000e+004,  1.8908599e-005,
  4.0250000e+004,  1.7351002e-005,
  4.0500000e+004,  1.6762232e-005,
  4.0750000e+004,  1.8291721e-005,
  4.1000000e+004,  1.7315804e-005,
  4.1250000e+004,  1.8453395e-005,
  4.1500000e+004,  1.9388153e-005,
  4.1750000e+004,  1.7803100e-005,
  4.2000000e+004,  1.8415958e-005,
  4.2250000e+004,  2.0439320e-005,
  4.2500000e+004,  1.8844712e-005,
  4.2750000e+004,  1.8603899e-005,
  4.3000000e+004,  2.1000297e-005,
  4.3250000e+004,  2.1841172e-005,
  4.3500000e+004,  2.1870760e-005,
  4.3750000e+004,  2.5555127e-005,
  4.4000000e+004,  2.4604553e-005,
  4.4250000e+004,  2.6167796e-005,
  4.4500000e+004,  3.0783718e-005,
  4.4750000e+004,  2.6632413e-005,
  4.5000000e+004,  3.1457793e-005,
  4.5250000e+004,  3.8125628e-005,
  4.5500000e+004,  4.0989472e-005,
  4.5750000e+004,  4.8383369e-005,
  4.6000000e+004,  5.4210554e-005,
  4.6250000e+004,  6.7870860e-005,
  4.6500000e+004,  8.3660719e-005,
  4.6750000e+004,  1.0030134e-004,
  4.7000000e+004,  1.3016283e-004,
  4.7250000e+004,  1.6340392e-004,
  4.7500000e+004,  2.1581719e-004,
  4.7750000e+004,  2.9346105e-004,
  4.8000000e+004,  4.1501659e-004,
  4.8250000e+004,  6.1249252e-004,
  4.8500000e+004,  9.6331827e-004,
  4.8750000e+004,  1.6410732e-003,
  4.9000000e+004,  3.1579212e-003,
  4.9250000e+004,  7.3499046e-003,
  4.9500000e+004,  2.4856256e-002,
  4.9750000e+004,  3.1000811e-001,
  5.0000000e+004,  9.5103213e-001,
  5.0250000e+004,  6.9047074e-001,
  5.0500000e+004,  6.5970136e-002,
  5.0750000e+004,  1.3048842e-002,
  5.1000000e+004,  4.7884573e-003,
  5.1250000e+004,  2.2880706e-003,
  5.1500000e+004,  1.2688713e-003,
  5.1750000e+004,  7.7939186e-004,
  5.2000000e+004,  5.1226129e-004,
  5.2250000e+004,  3.5518227e-004,
  5.2500000e+004,  2.5457508e-004,
  5.2750000e+004,  1.9248827e-004,
  5.3000000e+004,  1.4663123e-004,
  5.3250000e+004,  1.1453170e-004,
  5.3500000e+004,  9.2978299e-005,
  5.3750000e+004,  7.5480952e-005,
  5.4000000e+004,  6.3471663e-005,
  5.4250000e+004,  5.4689695e-005,
  5.4500000e+004,  4.5740009e-005,
  5.4750000e+004,  4.1239948e-005,
  5.5000000e+004,  3.5246500e-005,
  5.5250000e+004,  3.3320852e-005,
  5.5500000e+004,  2.9299548e-005,
  5.5750000e+004,  2.9003560e-005,
  5.6000000e+004,  2.6327700e-005,
  5.6250000e+004,  2.3150360e-005,
  5.6500000e+004,  2.4388990e-005,
  5.6750000e+004,  2.1826393e-005,
  5.7000000e+004,  2.3689335e-005,
  5.7250000e+004,  2.0467009e-005,
  5.7500000e+004,  2.0731938e-005,
  5.7750000e+004,  2.0453159e-005,
  5.8000000e+004,  1.9335727e-005,
  5.8250000e+004,  1.9546280e-005,
  5.8500000e+004,  1.8985551e-005,
  5.8750000e+004,  1.9322643e-005,
  5.9000000e+004,  1.8465890e-005,
  5.9250000e+004,  1.7984784e-005,
  5.9500000e+004,  1.8119197e-005,
  5.9750000e+004,  1.8403497e-005,
  6.0000000e+004,  1.7433413e-005,
  6.0250000e+004,  1.8440908e-005,
  6.0500000e+004,  1.9947265e-005,
  6.0750000e+004,  1.9852972e-005,
  6.1000000e+004,  1.9375031e-005,
  6.1250000e+004,  2.8886003e-005,
  6.1500000e+004,  3.2233786e-005,
  6.1750000e+004,  1.8908599e-005,
  6.2000000e+004,  1.7936155e-005,
  6.2250000e+004,  1.9101565e-005,
  6.2500000e+004,  2.7160373e-005,
  6.2750000e+004,  2.4240861e-005,
  6.3000000e+004,  1.8205256e-005,
  6.3250000e+004,  1.8229918e-005,
  6.3500000e+004,  1.7972614e-005,
  6.3750000e+004,  1.7551820e-005,
  6.4000000e+004,  1.7815155e-005,
  6.4250000e+004,  1.7960453e-005,
  6.4500000e+004,  1.8934214e-005,
  6.4750000e+004,  1.8755630e-005,
  6.5000000e+004,  1.8094684e-005,
  6.5250000e+004,  1.8428428e-005,
  6.5500000e+004,  1.7233950e-005,
  6.5750000e+004,  1.8490906e-005,
  6.6000000e+004,  2.0689881e-005,
  6.6250000e+004,  2.0219146e-005,
  6.6500000e+004,  1.8378599e-005,
  6.6750000e+004,  1.8730256e-005,
  6.7000000e+004,  1.9440718e-005,
  6.7250000e+004,  1.8666970e-005,
  6.7500000e+004,  1.8131466e-005,
  6.7750000e+004,  1.8082440e-005,
  6.8000000e+004,  1.7599407e-005,
  6.8250000e+004,  1.7457030e-005,
  6.8500000e+004,  1.8908599e-005,
  6.8750000e+004,  1.8168324e-005,
  6.9000000e+004,  1.7516212e-005,
  6.9250000e+004,  1.8616496e-005,
  6.9500000e+004,  1.8742939e-005,
  6.9750000e+004,  1.7960453e-005,
  7.0000000e+004,  1.9024144e-005,
  7.0250000e+004,  1.9231302e-005,
  7.0500000e+004,  1.8192937e-005,
  7.0750000e+004,  1.7315804e-005,
  7.1000000e+004,  1.6819061e-005,
  7.1250000e+004,  1.6887508e-005,
  7.1500000e+004,  1.8143743e-005,
  7.1750000e+004,  2.0872749e-005,
  7.2000000e+004,  1.9639115e-005,
  7.2250000e+004,  1.8291721e-005,
  7.2500000e+004,  1.7623249e-005,
  7.2750000e+004,  2.0689881e-005,
  7.3000000e+004,  1.9440718e-005,
  7.3250000e+004,  1.7730940e-005,
  7.3500000e+004,  1.7480679e-005,
  7.3750000e+004,  2.1100037e-005,
  7.4000000e+004,  2.6097041e-005,
  7.4250000e+004,  1.9011271e-005,
  7.4500000e+004,  1.6864662e-005,
  7.4750000e+004,  1.7445217e-005,
  7.5000000e+004,  1.8440908e-005,
  7.5250000e+004,  1.8291721e-005,
  7.5500000e+004,  1.7129277e-005,
  7.5750000e+004,  1.8168324e-005,
  7.6000000e+004,  1.9692363e-005,
  7.6250000e+004,  1.8353736e-005,
  7.6500000e+004,  1.8391044e-005,
  7.6750000e+004,  1.7839289e-005,
  7.7000000e+004,  1.7245619e-005,
  7.7250000e+004,  1.8666970e-005,
  7.7500000e+004,  2.0315179e-005,
  7.7750000e+004,  1.9639115e-005,
  7.8000000e+004,  1.9933766e-005,
  7.8250000e+004,  2.1767376e-005,
  7.8500000e+004,  1.9453882e-005,
  7.8750000e+004,  1.8192937e-005,
  7.9000000e+004,  1.8819215e-005,
  7.9250000e+004,  1.8947035e-005,
  7.9500000e+004,  1.9599275e-005,
  7.9750000e+004,  1.9088639e-005,
  8.0000000e+004,  1.8831960e-005,
  8.0250000e+004,  1.9440718e-005,
  8.0500000e+004,  2.0287695e-005,
  8.0750000e+004,  1.9283445e-005,
  8.1000000e+004,  1.8870241e-005,
  8.1250000e+004,  1.7409827e-005,
  8.1500000e+004,  1.6762232e-005,
  8.1750000e+004,  1.7682997e-005,
  8.2000000e+004,  1.8415958e-005,
  8.2250000e+004,  1.8883018e-005,
  8.2500000e+004,  1.8478394e-005,
  8.2750000e+004,  1.9140395e-005,
  8.3000000e+004,  2.2700348e-005,
  8.3250000e+004,  2.0592077e-005,
  8.3500000e+004,  1.8654338e-005,
  8.3750000e+004,  1.9257357e-005,
  8.4000000e+004,  1.8541039e-005,
  8.4250000e+004,  1.8793755e-005,
  8.4500000e+004,  1.9335727e-005,
  8.4750000e+004,  1.9011271e-005,
  8.5000000e+004,  1.8291721e-005,
  8.5250000e+004,  1.7803100e-005,
  8.5500000e+004,  1.8403497e-005,
  8.5750000e+004,  1.7887655e-005,
  8.6000000e+004,  1.7386272e-005,
  8.6250000e+004,  1.8844712e-005,
  8.6500000e+004,  1.9205285e-005,
  8.6750000e+004,  1.9166325e-005,
  8.7000000e+004,  1.8403497e-005,
  8.7250000e+004,  1.8266975e-005,
  8.7500000e+004,  1.7863456e-005,
  8.7750000e+004,  2.1085759e-005,
  8.8000000e+004,  2.0315179e-005,
  8.8250000e+004,  1.9388153e-005,
  8.8500000e+004,  2.0328935e-005,
  8.8750000e+004,  2.2244020e-005,
  8.9000000e+004,  1.9665722e-005,
  8.9250000e+004,  1.8793755e-005,
  8.9500000e+004,  1.9114501e-005,
  8.9750000e+004,  1.9879867e-005,
  9.0000000e+004,  1.9453882e-005,
  9.0250000e+004,  1.7257297e-005,
  9.0500000e+004,  1.7071402e-005,
  9.0750000e+004,  1.8490906e-005,
  9.1000000e+004,  1.9665722e-005,
  9.1250000e+004,  1.8205256e-005,
  9.1500000e+004,  1.7351002e-005,
  9.1750000e+004,  1.8490906e-005,
  9.2000000e+004,  1.8366163e-005,
  9.2250000e+004,  1.9296502e-005,
  9.2500000e+004,  1.9440718e-005,
  9.2750000e+004,  1.9179303e-005,
  9.3000000e+004,  1.9127444e-005,
  9.3250000e+004,  1.8266975e-005,
  9.3500000e+004,  1.9427564e-005,
  9.3750000e+004,  2.0467009e-005,
  9.4000000e+004,  2.0745976e-005,
  9.4250000e+004,  2.4538022e-005,
  9.4500000e+004,  3.0083332e-005,
  9.4750000e+004,  2.2916492e-005,
  9.5000000e+004,  1.8857472e-005,
  9.5250000e+004,  1.9506626e-005,
  9.5500000e+004,  1.9799289e-005,
  9.5750000e+004,  1.8819215e-005,
  9.6000000e+004,  1.8616496e-005,
  9.6250000e+004,  1.8908599e-005,
  9.6500000e+004,  1.8819215e-005,
  9.6750000e+004,  1.9361921e-005,
  9.7000000e+004,  1.9493427e-005,
  9.7250000e+004,  1.9348819e-005,
  9.7500000e+004,  1.9772503e-005,
  9.7750000e+004,  1.8844712e-005,
  9.8000000e+004,  2.0816309e-005,
  9.8250000e+004,  2.0150831e-005,
  9.8500000e+004,  1.9866415e-005,
  9.8750000e+004,  1.8717582e-005,
  9.9000000e+004,  1.9011271e-005,
  9.9250000e+004,  1.9692363e-005,
  9.9500000e+004,  2.1257732e-005,
  9.9750000e+004,  4.1632615e-005,
