  0.0000000e+000,  2.9082914e-002,
  2.5000000e+002,  2.8058030e-002,
  5.0000000e+002,  1.8756104e-002,
  7.5000000e+002,  5.6484003e-003,
  1.0000000e+003,  4.2010419e-004,
  1.2500000e+003,  3.7919730e-005,
  1.5000000e+003,  3.3479112e-005,
  1.7500000e+003,  3.2939614e-005,
  2.0000000e+003,  3.1951383e-005,
  2.2500000e+003,  3.0308166e-005,
  2.5000000e+003,  2.9082196e-005,
  2.7500000e+003,  2.8152463e-005,
  3.0000000e+003,  2.7811530e-005,
  3.2500000e+003,  2.8171528e-005,
  3.5000000e+003,  2.8152463e-005,
  3.7500000e+003,  2.8076341e-005,
  4.0000000e+003,  2.8439767e-005,
  4.2500000e+003,  2.8964319e-005,
  4.5000000e+003,  3.0144484e-005,
  4.7500000e+003,  3.0658944e-005,
  5.0000000e+003,  3.4749017e-005,
  5.2500000e+003,  5.3481594e-005,
  5.5000000e+003,  9.8418211e-005,
  5.7500000e+003,  2.5578409e-004,
  6.0000000e+003,  3.7494647e-004,
  6.2500000e+003,  3.8575904e-004,
  6.5000000e+003,  3.7090761e-004,
  6.7500000e+003,  2.4811027e-004,
  7.0000000e+003,  7.7762864e-005,
  7.2500000e+003,  2.7178767e-005,
  7.5000000e+003,  2.5798454e-005,
  7.7500000e+003,  2.5109307e-005,
  8.0000000e+003,  2.3561401e-005,
  8.2500000e+003,  2.3323379e-005,
  8.5000000e+003,  2.4637885e-005,
  8.7500000e+003,  2.5417114e-005,
  9.0000000e+003,  2.5572431e-005,
  9.2500000e+003,  2.6132394e-005,
  9.5000000e+003,  2.6327700e-005,
  9.7500000e+003,  2.5991264e-005,
  1.0000000e+004,  2.5938537e-005,
  1.0250000e+004,  2.5815922e-005,
  1.0500000e+004,  2.5815922e-005,
  1.0750000e+004,  2.6220991e-005,
  1.1000000e+004,  2.6506517e-005,
  1.1250000e+004,  2.5798454e-005,
  1.1500000e+004,  2.5798454e-005,
  1.1750000e+004,  2.9003560e-005,
  1.2000000e+004,  5.6725741e-005,
  1.2250000e+004,  8.1205720e-005,
  1.2500000e+004,  8.3944335e-005,
  1.2750000e+004,  8.0767169e-005,
  1.3000000e+004,  5.6343053e-005,
  1.3250000e+004,  2.9719013e-005,
  1.3500000e+004,  2.6470658e-005,
  1.3750000e+004,  2.6686549e-005,
  1.4000000e+004,  2.6758903e-005,
  1.4250000e+004,  2.7642614e-005,
  1.4500000e+004,  2.7886934e-005,
  1.4750000e+004,  2.9023199e-005,
  1.5000000e+004,  5.4837972e-005,
  1.5250000e+004,  1.1102043e-004,
  1.5500000e+004,  1.3319320e-004,
  1.5750000e+004,  1.3355435e-004,
  1.6000000e+004,  1.1879561e-004,
  1.6250000e+004,  6.5081419e-005,
  1.6500000e+004,  2.9538511e-005,
  1.6750000e+004,  2.7567871e-005,
  1.7000000e+004,  2.7511943e-005,
  1.7250000e+004,  2.7197171e-005,
  1.7500000e+004,  2.6524465e-005,
  1.7750000e+004,  2.6524465e-005,
  1.8000000e+004,  2.6650446e-005,
  1.8250000e+004,  3.0950871e-005,
  1.8500000e+004,  3.6657809e-005,
  1.8750000e+004,  3.8125628e-005,
  1.9000000e+004,  3.7562078e-005,
  1.9250000e+004,  3.3433816e-005,
  1.9500000e+004,  2.8574845e-005,
  1.9750000e+004,  2.8076341e-005,
  2.0000000e+004,  2.7418988e-005,
  2.0250000e+004,  2.7105276e-005,
  2.0500000e+004,  2.7252455e-005,
  2.0750000e+004,  2.7141995e-005,
  2.1000000e+004,  2.7363365e-005,
  2.1250000e+004,  2.7549214e-005,
  2.1500000e+004,  2.8133413e-005,
  2.1750000e+004,  2.7068606e-005,
  2.2000000e+004,  2.6150089e-005,
  2.2250000e+004,  2.6578383e-005,
  2.2500000e+004,  2.7326343e-005,
  2.2750000e+004,  2.7717559e-005,
  2.3000000e+004,  2.7830362e-005,
  2.3250000e+004,  2.7363365e-005,
  2.3500000e+004,  2.6977148e-005,
  2.3750000e+004,  2.6940649e-005,
  2.4000000e+004,  2.7849206e-005,
  2.4250000e+004,  2.8574845e-005,
  2.4500000e+004,  3.0001986e-005,
  2.4750000e+004,  3.1671454e-005,
  2.5000000e+004,  3.2016332e-005,
  2.5250000e+004,  3.1140003e-005,
  2.5500000e+004,  3.0083332e-005,
  2.5750000e+004,  3.1055800e-005,
  2.6000000e+004,  3.2895051e-005,
  2.6250000e+004,  3.1757323e-005,
  2.6500000e+004,  2.9578527e-005,
  2.6750000e+004,  2.7680061e-005,
  2.7000000e+004,  2.7736327e-005,
  2.7250000e+004,  2.7905816e-005,
  2.7500000e+004,  2.8133413e-005,
  2.7750000e+004,  2.8497578e-005,
  2.8000000e+004,  2.8497578e-005,
  2.8250000e+004,  2.9121594e-005,
  2.8500000e+004,  2.9538511e-005,
  2.8750000e+004,  2.9438708e-005,
  2.9000000e+004,  2.8866457e-005,
  2.9250000e+004,  2.8536184e-005,
  2.9500000e+004,  2.7849206e-005,
  2.9750000e+004,  2.7792711e-005,
  3.0000000e+004,  2.7270908e-005,
  3.0250000e+004,  2.6813299e-005,
  3.0500000e+004,  2.8114376e-005,
  3.0750000e+004,  4.3417031e-005,
  3.1000000e+004,  6.3385795e-005,
  3.1250000e+004,  6.6686824e-005,
  3.1500000e+004,  6.5169585e-005,
  3.1750000e+004,  5.1179490e-005,
  3.2000000e+004,  3.0950871e-005,
  3.2250000e+004,  2.6632413e-005,
  3.2500000e+004,  2.5868402e-005,
  3.2750000e+004,  2.6132394e-005,
  3.3000000e+004,  2.6650446e-005,
  3.3250000e+004,  2.6061735e-005,
  3.3500000e+004,  2.5991264e-005,
  3.3750000e+004,  2.6668491e-005,
  3.4000000e+004,  2.7456132e-005,
  3.4250000e+004,  2.7105276e-005,
  3.4500000e+004,  2.7905816e-005,
  3.4750000e+004,  2.8749454e-005,
  3.5000000e+004,  2.8114376e-005,
  3.5250000e+004,  2.7418988e-005,
  3.5500000e+004,  2.7773905e-005,
  3.5750000e+004,  2.8076341e-005,
  3.6000000e+004,  2.8905562e-005,
  3.6250000e+004,  2.9779424e-005,
  3.6500000e+004,  2.9538511e-005,
  3.6750000e+004,  2.9180790e-005,
  3.7000000e+004,  2.8478295e-005,
  3.7250000e+004,  2.8362869e-005,
  3.7500000e+004,  2.8095352e-005,
  3.7750000e+004,  2.7736327e-005,
  3.8000000e+004,  2.8671719e-005,
  3.8250000e+004,  3.3479112e-005,
  3.8500000e+004,  3.7308678e-005,
  3.8750000e+004,  3.7562078e-005,
  3.9000000e+004,  3.6435163e-005,
  3.9250000e+004,  3.2408813e-005,
  3.9500000e+004,  3.0124086e-005,
  3.9750000e+004,  2.9279722e-005,
  4.0000000e+004,  2.9799588e-005,
  4.0250000e+004,  2.8536184e-005,
  4.0500000e+004,  2.7717559e-005,
  4.0750000e+004,  2.7511943e-005,
  4.1000000e+004,  2.7755111e-005,
  4.1250000e+004,  2.6758903e-005,
  4.1500000e+004,  2.5798454e-005,
  4.1750000e+004,  2.6488581e-005,
  4.2000000e+004,  2.6813299e-005,
  4.2250000e+004,  2.6831455e-005,
  4.2500000e+004,  2.6849623e-005,
  4.2750000e+004,  2.6849623e-005,
  4.3000000e+004,  2.7493327e-005,
  4.3250000e+004,  2.8866457e-005,
  4.3500000e+004,  2.8574845e-005,
  4.3750000e+004,  3.0083332e-005,
  4.4000000e+004,  3.0124086e-005,
  4.4250000e+004,  3.0721269e-005,
  4.4500000e+004,  2.9438708e-005,
  4.4750000e+004,  2.9538511e-005,
  4.5000000e+004,  2.9141312e-005,
  4.5250000e+004,  2.8362869e-005,
  4.5500000e+004,  2.9319387e-005,
  4.5750000e+004,  2.9538511e-005,
  4.6000000e+004,  2.9003560e-005,
  4.6250000e+004,  3.0596749e-005,
  4.6500000e+004,  3.8566892e-005,
  4.6750000e+004,  4.4911640e-005,
  4.7000000e+004,  4.6773235e-005,
  4.7250000e+004,  4.6804901e-005,
  4.7500000e+004,  4.2057493e-005,
  4.7750000e+004,  4.1717248e-005,
  4.8000000e+004,  4.2659602e-005,
  4.8250000e+004,  3.8566892e-005,
  4.8500000e+004,  2.7474723e-005,
  4.8750000e+004,  1.3446143e-004,
  4.9000000e+004,  4.2277019e-003,
  4.9250000e+004,  1.1609564e-001,
  4.9500000e+004,  5.1296798e-001,
  4.9750000e+004,  9.1071129e-001,
  5.0000000e+004,  9.9381006e-001,
  5.0250000e+004,  9.8443651e-001,
  5.0500000e+004,  7.5807787e-001,
  5.0750000e+004,  2.9267476e-001,
  5.1000000e+004,  3.4468756e-002,
  5.1250000e+004,  3.7207795e-005,
  5.1500000e+004,  6.9029185e-005,
  5.1750000e+004,  3.2299312e-005,
  5.2000000e+004,  4.3919537e-005,
  5.2250000e+004,  4.4759890e-005,
  5.2500000e+004,  4.0165487e-005,
  5.2750000e+004,  3.8410567e-005,
  5.3000000e+004,  3.4725504e-005,
  5.3250000e+004,  3.2961918e-005,
  5.3500000e+004,  3.1287902e-005,
  5.3750000e+004,  3.1415235e-005,
  5.4000000e+004,  2.9279722e-005,
  5.4250000e+004,  3.1908157e-005,
  5.4500000e+004,  3.1393977e-005,
  5.4750000e+004,  3.1951383e-005,
  5.5000000e+004,  3.0950871e-005,
  5.5250000e+004,  3.1500409e-005,
  5.5500000e+004,  3.2606855e-005,
  5.5750000e+004,  3.2364968e-005,
  5.6000000e+004,  3.3118474e-005,
  5.6250000e+004,  3.2277457e-005,
  5.6500000e+004,  3.2299312e-005,
  5.6750000e+004,  3.1500409e-005,
  5.7000000e+004,  3.1479094e-005,
  5.7250000e+004,  3.0804562e-005,
  5.7500000e+004,  3.0992800e-005,
  5.7750000e+004,  3.1372734e-005,
  5.8000000e+004,  3.2255612e-005,
  5.8250000e+004,  3.2038011e-005,
  5.8500000e+004,  3.2016332e-005,
  5.8750000e+004,  3.0679704e-005,
  5.9000000e+004,  2.9578527e-005,
  5.9250000e+004,  2.8710560e-005,
  5.9500000e+004,  2.8057343e-005,
  5.9750000e+004,  2.7811530e-005,
  6.0000000e+004,  2.8536184e-005,
  6.0250000e+004,  2.9438708e-005,
  6.0500000e+004,  2.9498550e-005,
  6.0750000e+004,  3.1393977e-005,
  6.1000000e+004,  3.6213874e-005,
  6.1250000e+004,  3.9225089e-005,
  6.1500000e+004,  3.9679078e-005,
  6.1750000e+004,  3.7842806e-005,
  6.2000000e+004,  3.2917325e-005,
  6.2250000e+004,  3.3889522e-005,
  6.2500000e+004,  3.5151193e-005,
  6.2750000e+004,  3.4914057e-005,
  6.3000000e+004,  3.3501781e-005,
  6.3250000e+004,  3.1182189e-005,
  6.3500000e+004,  3.0267163e-005,
  6.3750000e+004,  2.9141312e-005,
  6.4000000e+004,  2.7849206e-005,
  6.4250000e+004,  2.7943620e-005,
  6.4500000e+004,  2.8730001e-005,
  6.4750000e+004,  2.8691133e-005,
  6.5000000e+004,  2.7661331e-005,
  6.5250000e+004,  2.5676504e-005,
  6.5500000e+004,  2.5296967e-005,
  6.5750000e+004,  2.7886934e-005,
  6.6000000e+004,  3.0164895e-005,
  6.6250000e+004,  3.0001986e-005,
  6.6500000e+004,  2.9941124e-005,
  6.6750000e+004,  2.9759273e-005,
  6.7000000e+004,  2.9538511e-005,
  6.7250000e+004,  2.9518524e-005,
  6.7500000e+004,  2.9598555e-005,
  6.7750000e+004,  2.9378985e-005,
  6.8000000e+004,  2.9578527e-005,
  6.8250000e+004,  2.9259909e-005,
  6.8500000e+004,  2.8730001e-005,
  6.8750000e+004,  2.8632930e-005,
  6.9000000e+004,  2.8114376e-005,
  6.9250000e+004,  2.8133413e-005,
  6.9500000e+004,  2.7886934e-005,
  6.9750000e+004,  2.7661331e-005,
  7.0000000e+004,  2.7474723e-005,
  7.0250000e+004,  2.7698804e-005,
  7.0500000e+004,  2.8076341e-005,
  7.0750000e+004,  2.8459024e-005,
  7.1000000e+004,  2.8944720e-005,
  7.1250000e+004,  2.9279722e-005,
  7.1500000e+004,  3.1800344e-005,
  7.1750000e+004,  3.3006575e-005,
  7.2000000e+004,  3.3456458e-005,
  7.2250000e+004,  3.2717398e-005,
  7.2500000e+004,  3.2430758e-005,
  7.2750000e+004,  3.3501781e-005,
  7.3000000e+004,  3.2562742e-005,
  7.3250000e+004,  3.0846293e-005,
  7.3500000e+004,  3.0950871e-005,
  7.3750000e+004,  3.2211975e-005,
  7.4000000e+004,  3.2717398e-005,
  7.4250000e+004,  3.2606855e-005,
  7.4500000e+004,  3.1161089e-005,
  7.4750000e+004,  3.0001986e-005,
  7.5000000e+004,  2.8983935e-005,
  7.5250000e+004,  2.8114376e-005,
  7.5500000e+004,  2.7661331e-005,
  7.5750000e+004,  2.7962545e-005,
  7.6000000e+004,  2.9200552e-005,
  7.6250000e+004,  3.0328688e-005,
  7.6500000e+004,  3.1778826e-005,
  7.6750000e+004,  3.2584791e-005,
  7.7000000e+004,  3.2828320e-005,
  7.7250000e+004,  3.2540708e-005,
  7.7500000e+004,  3.2673136e-005,
  7.7750000e+004,  3.3683690e-005,
  7.8000000e+004,  3.3729325e-005,
  7.8250000e+004,  3.2917325e-005,
  7.8500000e+004,  3.2211975e-005,
  7.8750000e+004,  3.0888080e-005,
  7.9000000e+004,  3.1013786e-005,
  7.9250000e+004,  3.1393977e-005,
  7.9500000e+004,  3.0555356e-005,
  7.9750000e+004,  2.7830362e-005,
  8.0000000e+004,  2.6995415e-005,
  8.0250000e+004,  2.6722701e-005,
  8.0500000e+004,  2.6560398e-005,
  8.0750000e+004,  2.7270908e-005,
  8.1000000e+004,  2.7549214e-005,
  8.1250000e+004,  2.7811530e-005,
  8.1500000e+004,  2.9062517e-005,
  8.1750000e+004,  3.0472737e-005,
  8.2000000e+004,  3.1266731e-005,
  8.2250000e+004,  3.1479094e-005,
  8.2500000e+004,  3.2299312e-005,
  8.2750000e+004,  3.3253257e-005,
  8.3000000e+004,  3.3298305e-005,
  8.3250000e+004,  3.2103139e-005,
  8.3500000e+004,  3.0950871e-005,
  8.3750000e+004,  2.9398882e-005,
  8.4000000e+004,  2.9180790e-005,
  8.4250000e+004,  3.0164895e-005,
  8.4500000e+004,  3.0534680e-005,
  8.4750000e+004,  2.9739136e-005,
  8.5000000e+004,  2.7886934e-005,
  8.5250000e+004,  2.8057343e-005,
  8.5500000e+004,  2.9259909e-005,
  8.5750000e+004,  3.0267163e-005,
  8.6000000e+004,  3.0164895e-005,
  8.6250000e+004,  3.0267163e-005,
  8.6500000e+004,  3.0410916e-005,
  8.6750000e+004,  3.1821880e-005,
  8.7000000e+004,  3.3501781e-005,
  8.7250000e+004,  3.3775018e-005,
  8.7500000e+004,  3.3140899e-005,
  8.7750000e+004,  3.2496681e-005,
  8.8000000e+004,  3.1500409e-005,
  8.8250000e+004,  3.1203303e-005,
  8.8500000e+004,  3.2190178e-005,
  8.8750000e+004,  3.1886566e-005,
  8.9000000e+004,  3.1692899e-005,
  8.9250000e+004,  3.0164895e-005,
  8.9500000e+004,  2.8905562e-005,
  8.9750000e+004,  2.9438708e-005,
  9.0000000e+004,  2.8555506e-005,
  9.0250000e+004,  2.7307852e-005,
  9.0500000e+004,  2.7717559e-005,
  9.0750000e+004,  2.8710560e-005,
  9.1000000e+004,  2.9498550e-005,
  9.1250000e+004,  2.7886934e-005,
  9.1500000e+004,  2.6506517e-005,
  9.1750000e+004,  2.6381217e-005,
  9.2000000e+004,  2.7549214e-005,
  9.2250000e+004,  2.8362869e-005,
  9.2500000e+004,  2.9638656e-005,
  9.2750000e+004,  2.9961398e-005,
  9.3000000e+004,  2.9259909e-005,
  9.3250000e+004,  2.8555506e-005,
  9.3500000e+004,  2.8788404e-005,
  9.3750000e+004,  2.9759273e-005,
  9.4000000e+004,  3.3096064e-005,
  9.4250000e+004,  3.6856858e-005,
  9.4500000e+004,  3.7714941e-005,
  9.4750000e+004,  3.7663918e-005,
  9.5000000e+004,  3.3889522e-005,
  9.5250000e+004,  3.1287902e-005,
  9.5500000e+004,  3.0472737e-005,
  9.5750000e+004,  2.9779424e-005,
  9.6000000e+004,  3.0062976e-005,
  9.6250000e+004,  3.1097872e-005,
  9.6500000e+004,  3.2124877e-005,
  9.6750000e+004,  3.2540708e-005,
  9.7000000e+004,  3.3118474e-005,
  9.7250000e+004,  3.2628933e-005,
  9.7500000e+004,  3.1372734e-005,
  9.7750000e+004,  3.0908995e-005,
  9.8000000e+004,  3.0369775e-005,
  9.8250000e+004,  3.0390339e-005,
  9.8500000e+004,  3.1714359e-005,
  9.8750000e+004,  3.2606855e-005,
  9.9000000e+004,  3.1585817e-005,
  9.9250000e+004,  3.2321183e-005,
  9.9500000e+004,  9.6048890e-005,
  9.9750000e+004,  2.0169194e-004,
