  0.0000000e+000,  1.2512547e-002,
  2.5000000e+002,  8.5185964e-003,
  5.0000000e+002,  2.4732978e-003,
  7.5000000e+002,  2.2370036e-004,
  1.0000000e+003,  3.4514595e-005,
  1.2500000e+003,  2.4438567e-005,
  1.5000000e+003,  2.0943511e-005,
  1.7500000e+003,  2.0178130e-005,
  2.0000000e+003,  2.1547477e-005,
  2.2500000e+003,  2.0731938e-005,
  2.5000000e+003,  1.8070204e-005,
  2.7500000e+003,  1.6990703e-005,
  3.0000000e+003,  1.8119197e-005,
  3.2500000e+003,  1.9192289e-005,
  3.5000000e+003,  1.8844712e-005,
  3.7500000e+003,  1.8742939e-005,
  4.0000000e+003,  1.9546280e-005,
  4.2500000e+003,  1.9572759e-005,
  4.5000000e+003,  1.9879867e-005,
  4.7500000e+003,  2.0069155e-005,
  5.0000000e+003,  1.9893328e-005,
  5.2500000e+003,  2.0246539e-005,
  5.5000000e+003,  2.0411668e-005,
  5.7500000e+003,  2.3497691e-005,
  6.0000000e+003,  2.9941124e-005,
  6.2500000e+003,  3.5056147e-005,
  6.5000000e+003,  2.7849206e-005,
  6.7500000e+003,  2.0069155e-005,
  7.0000000e+003,  1.9205285e-005,
  7.2500000e+003,  1.8528493e-005,
  7.5000000e+003,  1.9732393e-005,
  7.7500000e+003,  2.3753565e-005,
  8.0000000e+003,  2.7178767e-005,
  8.2500000e+003,  2.3072141e-005,
  8.5000000e+003,  2.0342700e-005,
  8.7500000e+003,  2.0069155e-005,
  9.0000000e+003,  1.9745754e-005,
  9.2500000e+003,  1.8883018e-005,
  9.5000000e+003,  2.1185908e-005,
  9.7500000e+003,  3.4843230e-005,
  1.0000000e+004,  4.5740009e-005,
  1.0250000e+004,  3.4421267e-005,
  1.0500000e+004,  2.1489215e-005,
  1.0750000e+004,  1.9493427e-005,
  1.1000000e+004,  1.8629101e-005,
  1.1250000e+004,  1.9572759e-005,
  1.1500000e+004,  2.0411668e-005,
  1.1750000e+004,  2.1591280e-005,
  1.2000000e+004,  2.4538022e-005,
  1.2250000e+004,  2.3561401e-005,
  1.2500000e+004,  2.2153860e-005,
  1.2750000e+004,  2.0522499e-005,
  1.3000000e+004,  1.9011271e-005,
  1.3250000e+004,  1.7647123e-005,
  1.3500000e+004,  1.7766982e-005,
  1.3750000e+004,  1.9335727e-005,
  1.4000000e+004,  2.1344245e-005,
  1.4250000e+004,  1.9533054e-005,
  1.4500000e+004,  1.8254614e-005,
  1.4750000e+004,  1.8959864e-005,
  1.5000000e+004,  2.3166035e-005,
  1.5250000e+004,  6.4949387e-005,
  1.5500000e+004,  1.4514995e-004,
  1.5750000e+004,  1.5668811e-004,
  1.6000000e+004,  8.2256873e-005,
  1.6250000e+004,  2.7830362e-005,
  1.6500000e+004,  1.9244326e-005,
  1.6750000e+004,  1.9732393e-005,
  1.7000000e+004,  2.0633935e-005,
  1.7250000e+004,  2.0717909e-005,
  1.7500000e+004,  1.9559515e-005,
  1.7750000e+004,  2.0069155e-005,
  1.8000000e+004,  2.0178130e-005,
  1.8250000e+004,  1.9218289e-005,
  1.8500000e+004,  1.9705697e-005,
  1.8750000e+004,  1.8768330e-005,
  1.9000000e+004,  1.8603899e-005,
  1.9250000e+004,  1.8742939e-005,
  1.9500000e+004,  2.1826393e-005,
  1.9750000e+004,  3.6757200e-005,
  2.0000000e+004,  4.8744972e-005,
  2.0250000e+004,  3.6633004e-005,
  2.0500000e+004,  2.1737925e-005,
  2.0750000e+004,  2.0246539e-005,
  2.1000000e+004,  1.9440718e-005,
  2.1250000e+004,  1.8908599e-005,
  2.1500000e+004,  2.0467009e-005,
  2.1750000e+004,  2.5920986e-005,
  2.2000000e+004,  3.1585817e-005,
  2.2250000e+004,  2.5607074e-005,
  2.2500000e+004,  1.9218289e-005,
  2.2750000e+004,  1.8316503e-005,
  2.3000000e+004,  1.8806481e-005,
  2.3250000e+004,  2.0219146e-005,
  2.3500000e+004,  2.1272127e-005,
  2.3750000e+004,  3.0226212e-005,
  2.4000000e+004,  3.8907766e-005,
  2.4250000e+004,  2.9578527e-005,
  2.4500000e+004,  1.9759124e-005,
  2.4750000e+004,  1.9270397e-005,
  2.5000000e+004,  2.0137196e-005,
  2.5250000e+004,  2.0150831e-005,
  2.5500000e+004,  2.1071492e-005,
  2.5750000e+004,  2.4604553e-005,
  2.6000000e+004,  2.8964319e-005,
  2.6250000e+004,  2.6977148e-005,
  2.6500000e+004,  2.2547208e-005,
  2.6750000e+004,  2.0536398e-005,
  2.7000000e+004,  2.0886882e-005,
  2.7250000e+004,  2.1329803e-005,
  2.7500000e+004,  2.1576668e-005,
  2.7750000e+004,  2.2244020e-005,
  2.8000000e+004,  2.2244020e-005,
  2.8250000e+004,  2.0301433e-005,
  2.8500000e+004,  1.8972705e-005,
  2.8750000e+004,  1.9745754e-005,
  2.9000000e+004,  1.9852972e-005,
  2.9250000e+004,  1.8755630e-005,
  2.9500000e+004,  2.3947296e-005,
  2.9750000e+004,  5.4541820e-005,
  3.0000000e+004,  7.7447682e-005,
  3.0250000e+004,  5.4949449e-005,
  3.0500000e+004,  2.5007534e-005,
  3.0750000e+004,  2.2777306e-005,
  3.1000000e+004,  4.8777983e-005,
  3.1250000e+004,  7.6561580e-005,
  3.1500000e+004,  6.0329786e-005,
  3.1750000e+004,  2.9618600e-005,
  3.2000000e+004,  2.6309885e-005,
  3.2250000e+004,  2.3323379e-005,
  3.2500000e+004,  2.0137196e-005,
  3.2750000e+004,  2.0164476e-005,
  3.3000000e+004,  2.0592077e-005,
  3.3250000e+004,  1.9114501e-005,
  3.3500000e+004,  1.8057977e-005,
  3.3750000e+004,  1.9799289e-005,
  3.4000000e+004,  2.2123888e-005,
  3.4250000e+004,  2.0929340e-005,
  3.4500000e+004,  1.8742939e-005,
  3.4750000e+004,  1.8553594e-005,
  3.5000000e+004,  1.9839538e-005,
  3.5250000e+004,  2.0788147e-005,
  3.5500000e+004,  2.1185908e-005,
  3.5750000e+004,  2.9378985e-005,
  3.6000000e+004,  3.7562078e-005,
  3.6250000e+004,  3.0042633e-005,
  3.6500000e+004,  2.1489215e-005,
  3.6750000e+004,  1.9270397e-005,
  3.7000000e+004,  1.7304087e-005,
  3.7250000e+004,  1.8205256e-005,
  3.7500000e+004,  1.8870241e-005,
  3.7750000e+004,  1.9572759e-005,
  3.8000000e+004,  2.0219146e-005,
  3.8250000e+004,  1.8415958e-005,
  3.8500000e+004,  1.8578730e-005,
  3.8750000e+004,  1.9839538e-005,
  3.9000000e+004,  1.9401281e-005,
  3.9250000e+004,  1.6270760e-002,
  3.9500000e+004,  1.9684129e-001,
  3.9750000e+004,  6.8072480e-001,
  4.0000000e+004,  1.0005606e+000,
  4.0250000e+004,  6.8118596e-001,
  4.0500000e+004,  1.9710791e-001,
  4.0750000e+004,  1.6292799e-002,
  4.1000000e+004,  1.8806481e-005,
  4.1250000e+004,  1.8440908e-005,
  4.1500000e+004,  1.8781038e-005,
  4.1750000e+004,  2.0042005e-005,
  4.2000000e+004,  2.1344245e-005,
  4.2250000e+004,  2.1416606e-005,
  4.2500000e+004,  2.2049135e-005,
  4.2750000e+004,  2.2715719e-005,
  4.3000000e+004,  2.1028746e-005,
  4.3250000e+004,  1.9506626e-005,
  4.3500000e+004,  2.0042005e-005,
  4.3750000e+004,  2.1708517e-005,
  4.4000000e+004,  2.4290136e-005,
  4.4250000e+004,  2.3850233e-005,
  4.4500000e+004,  2.2654295e-005,
  4.4750000e+004,  2.2034215e-005,
  4.5000000e+004,  2.0411668e-005,
  4.5250000e+004,  1.9559515e-005,
  4.5500000e+004,  2.1300946e-005,
  4.5750000e+004,  2.5555127e-005,
  4.6000000e+004,  2.8420523e-005,
  4.6250000e+004,  2.4191683e-005,
  4.6500000e+004,  2.2593040e-005,
  4.6750000e+004,  3.8776303e-005,
  4.7000000e+004,  4.7250565e-005,
  4.7250000e+004,  3.2806106e-005,
  4.7500000e+004,  2.3593320e-005,
  4.7750000e+004,  2.2410265e-005,
  4.8000000e+004,  2.0760023e-005,
  4.8250000e+004,  1.9244326e-005,
  4.8500000e+004,  1.9244326e-005,
  4.8750000e+004,  1.8998407e-005,
  4.9000000e+004,  1.9665722e-005,
  4.9250000e+004,  1.6084598e-002,
  4.9500000e+004,  1.9524880e-001,
  4.9750000e+004,  6.7613274e-001,
  5.0000000e+004,  9.9583033e-001,
  5.0250000e+004,  6.7888448e-001,
  5.0500000e+004,  1.9684129e-001,
  5.0750000e+004,  1.6325920e-002,
  5.1000000e+004,  2.0467009e-005,
  5.1250000e+004,  2.0494735e-005,
  5.1500000e+004,  2.0661888e-005,
  5.1750000e+004,  2.1071492e-005,
  5.2000000e+004,  2.2319431e-005,
  5.2250000e+004,  2.1989517e-005,
  5.2500000e+004,  2.0592077e-005,
  5.2750000e+004,  1.9599275e-005,
  5.3000000e+004,  2.0137196e-005,
  5.3250000e+004,  2.1071492e-005,
  5.3500000e+004,  2.1989517e-005,
  5.3750000e+004,  2.8343674e-005,
  5.4000000e+004,  3.3958414e-005,
  5.4250000e+004,  2.8019385e-005,
  5.4500000e+004,  2.2259081e-005,
  5.4750000e+004,  2.1286533e-005,
  5.5000000e+004,  2.0957693e-005,
  5.5250000e+004,  2.0647907e-005,
  5.5500000e+004,  2.0844511e-005,
  5.5750000e+004,  2.7307852e-005,
  5.6000000e+004,  3.3981408e-005,
  5.6250000e+004,  2.8827404e-005,
  5.6500000e+004,  2.2395101e-005,
  5.6750000e+004,  2.0830406e-005,
  5.7000000e+004,  2.0191793e-005,
  5.7250000e+004,  2.0109953e-005,
  5.7500000e+004,  2.1489215e-005,
  5.7750000e+004,  2.1445622e-005,
  5.8000000e+004,  2.1474674e-005,
  5.8250000e+004,  2.0384054e-005,
  5.8500000e+004,  2.0164476e-005,
  5.8750000e+004,  2.0109953e-005,
  5.9000000e+004,  2.1142930e-005,
  5.9250000e+004,  2.1243348e-005,
  5.9500000e+004,  2.3882545e-005,
  5.9750000e+004,  4.3889814e-005,
  6.0000000e+004,  5.9478275e-005,
  6.0250000e+004,  4.3446434e-005,
  6.0500000e+004,  2.3914899e-005,
  6.0750000e+004,  2.0508613e-005,
  6.1000000e+004,  2.0816309e-005,
  6.1250000e+004,  2.2410265e-005,
  6.1500000e+004,  2.2531948e-005,
  6.1750000e+004,  2.0957693e-005,
  6.2000000e+004,  2.0619973e-005,
  6.2250000e+004,  2.3785744e-005,
  6.2500000e+004,  3.1800344e-005,
  6.2750000e+004,  3.0267163e-005,
  6.3000000e+004,  2.2823607e-005,
  6.3250000e+004,  2.0137196e-005,
  6.3500000e+004,  1.9612546e-005,
  6.3750000e+004,  2.1460143e-005,
  6.4000000e+004,  2.4538022e-005,
  6.4250000e+004,  2.3197421e-005,
  6.4500000e+004,  2.1605900e-005,
  6.4750000e+004,  2.0522499e-005,
  6.5000000e+004,  2.0661888e-005,
  6.5250000e+004,  2.1562068e-005,
  6.5500000e+004,  2.0453159e-005,
  6.5750000e+004,  2.1693828e-005,
  6.6000000e+004,  2.3753565e-005,
  6.6250000e+004,  2.2516702e-005,
  6.6500000e+004,  2.2746492e-005,
  6.6750000e+004,  2.1841172e-005,
  6.7000000e+004,  2.1635170e-005,
  6.7250000e+004,  2.1930059e-005,
  6.7500000e+004,  2.2531948e-005,
  6.7750000e+004,  2.4855648e-005,
  6.8000000e+004,  2.7586537e-005,
  6.8250000e+004,  2.4109946e-005,
  6.8500000e+004,  2.0774081e-005,
  6.8750000e+004,  2.1200254e-005,
  6.9000000e+004,  2.0150831e-005,
  6.9250000e+004,  2.0384054e-005,
  6.9500000e+004,  2.2395101e-005,
  6.9750000e+004,  3.1415235e-005,
  7.0000000e+004,  3.9598580e-005,
  7.0250000e+004,  3.0950871e-005,
  7.0500000e+004,  2.1532897e-005,
  7.0750000e+004,  2.1071492e-005,
  7.1000000e+004,  2.1460143e-005,
  7.1250000e+004,  2.2839061e-005,
  7.1500000e+004,  2.4175314e-005,
  7.1750000e+004,  2.9161045e-005,
  7.2000000e+004,  3.4985032e-005,
  7.2250000e+004,  2.8247908e-005,
  7.2500000e+004,  2.2334544e-005,
  7.2750000e+004,  2.1185908e-005,
  7.3000000e+004,  1.9745754e-005,
  7.3250000e+004,  1.9375031e-005,
  7.3500000e+004,  2.0774081e-005,
  7.3750000e+004,  2.5262740e-005,
  7.4000000e+004,  2.5991264e-005,
  7.4250000e+004,  2.3402452e-005,
  7.4500000e+004,  2.2486240e-005,
  7.4750000e+004,  2.1752647e-005,
  7.5000000e+004,  2.1811623e-005,
  7.5250000e+004,  2.2593040e-005,
  7.5500000e+004,  2.2654295e-005,
  7.5750000e+004,  2.3260314e-005,
  7.6000000e+004,  2.4273700e-005,
  7.6250000e+004,  2.3087763e-005,
  7.6500000e+004,  2.1930059e-005,
  7.6750000e+004,  2.0745976e-005,
  7.7000000e+004,  2.0578143e-005,
  7.7250000e+004,  2.2244020e-005,
  7.7500000e+004,  2.2379947e-005,
  7.7750000e+004,  2.1000297e-005,
  7.8000000e+004,  2.3898716e-005,
  7.8250000e+004,  2.6026477e-005,
  7.8500000e+004,  2.2839061e-005,
  7.8750000e+004,  2.1826393e-005,
  7.9000000e+004,  2.1171573e-005,
  7.9250000e+004,  2.0342700e-005,
  7.9500000e+004,  2.5041411e-005,
  7.9750000e+004,  5.1982530e-005,
  8.0000000e+004,  7.2085368e-005,
  8.0250000e+004,  5.0799827e-005,
  8.0500000e+004,  2.4571266e-005,
  8.0750000e+004,  2.1014516e-005,
  8.1000000e+004,  2.0971884e-005,
  8.1250000e+004,  2.3009753e-005,
  8.1500000e+004,  2.4422030e-005,
  8.1750000e+004,  2.4906172e-005,
  8.2000000e+004,  2.4687967e-005,
  8.2250000e+004,  2.2700348e-005,
  8.2500000e+004,  2.1100037e-005,
  8.2750000e+004,  2.1547477e-005,
  8.3000000e+004,  2.2746492e-005,
  8.3250000e+004,  2.3213128e-005,
  8.3500000e+004,  2.2623647e-005,
  8.3750000e+004,  2.1974637e-005,
  8.4000000e+004,  2.2213926e-005,
  8.4250000e+004,  2.1358698e-005,
  8.4500000e+004,  2.0830406e-005,
  8.4750000e+004,  2.1057233e-005,
  8.5000000e+004,  2.1870760e-005,
  8.5250000e+004,  2.2947537e-005,
  8.5500000e+004,  2.2885489e-005,
  8.5750000e+004,  2.3339171e-005,
  8.6000000e+004,  2.4224458e-005,
  8.6250000e+004,  2.3009753e-005,
  8.6500000e+004,  2.2183871e-005,
  8.6750000e+004,  2.0647907e-005,
  8.7000000e+004,  1.9599275e-005,
  8.7250000e+004,  2.1532897e-005,
  8.7500000e+004,  2.2593040e-005,
  8.7750000e+004,  2.6940649e-005,
  8.8000000e+004,  3.1393977e-005,
  8.8250000e+004,  2.6795156e-005,
  8.8500000e+004,  2.2870004e-005,
  8.8750000e+004,  2.1974637e-005,
  8.9000000e+004,  2.1532897e-005,
  8.9250000e+004,  2.2108918e-005,
  8.9500000e+004,  2.7270908e-005,
  8.9750000e+004,  5.7265856e-005,
  9.0000000e+004,  7.9036504e-005,
  9.0250000e+004,  5.5322659e-005,
  9.0500000e+004,  2.5798454e-005,
  9.0750000e+004,  2.1767376e-005,
  9.1000000e+004,  2.0205465e-005,
  9.1250000e+004,  1.9244326e-005,
  9.1500000e+004,  1.9852972e-005,
  9.1750000e+004,  2.1214609e-005,
  9.2000000e+004,  2.3040927e-005,
  9.2250000e+004,  2.2761894e-005,
  9.2500000e+004,  2.2153860e-005,
  9.2750000e+004,  2.2244020e-005,
  9.3000000e+004,  2.2623647e-005,
  9.3250000e+004,  2.3228846e-005,
  9.3500000e+004,  2.2916492e-005,
  9.3750000e+004,  2.4956803e-005,
  9.4000000e+004,  2.7307852e-005,
  9.4250000e+004,  2.5331236e-005,
  9.4500000e+004,  2.3025334e-005,
  9.4750000e+004,  2.1944908e-005,
  9.5000000e+004,  2.2823607e-005,
  9.5250000e+004,  2.4044755e-005,
  9.5500000e+004,  2.3753565e-005,
  9.5750000e+004,  2.6203245e-005,
  9.6000000e+004,  2.9759273e-005,
  9.6250000e+004,  2.4604553e-005,
  9.6500000e+004,  2.0957693e-005,
  9.6750000e+004,  2.1870760e-005,
  9.7000000e+004,  2.2153860e-005,
  9.7250000e+004,  2.1445622e-005,
  9.7500000e+004,  2.1518327e-005,
  9.7750000e+004,  2.2108918e-005,
  9.8000000e+004,  2.3931092e-005,
  9.8250000e+004,  2.2870004e-005,
  9.8500000e+004,  2.2228968e-005,
  9.8750000e+004,  2.1679148e-005,
  9.9000000e+004,  2.1431110e-005,
  9.9250000e+004,  2.2259081e-005,
  9.9500000e+004,  2.8478295e-005,
  9.9750000e+004,  6.5169585e-005,
