  0.0000000e+000,  2.2229512e-002,
  2.5000000e+002,  1.5123716e-002,
  5.0000000e+002,  4.3761991e-003,
  7.5000000e+002,  3.6026726e-004,
  1.0000000e+003,  3.7996811e-005,
  1.2500000e+003,  3.4304966e-005,
  1.5000000e+003,  3.1203303e-005,
  1.7500000e+003,  3.1843428e-005,
  2.0000000e+003,  3.2496681e-005,
  2.2500000e+003,  3.4142802e-005,
  2.5000000e+003,  3.3479112e-005,
  2.7500000e+003,  3.1182189e-005,
  3.0000000e+003,  3.0267163e-005,
  3.2500000e+003,  3.2146629e-005,
  3.5000000e+003,  3.2783907e-005,
  3.7500000e+003,  3.3028925e-005,
  4.0000000e+003,  3.5008721e-005,
  4.2500000e+003,  7.4465974e-005,
  4.5000000e+003,  7.2936735e-004,
  4.7500000e+003,  2.5070096e-003,
  5.0000000e+003,  3.6849162e-003,
  5.2500000e+003,  2.5087069e-003,
  5.5000000e+003,  7.2542841e-004,
  5.7500000e+003,  6.2280003e-005,
  6.0000000e+003,  4.8877131e-005,
  6.2500000e+003,  4.2544255e-005,
  6.5000000e+003,  3.5127407e-005,
  6.7500000e+003,  3.4467901e-005,
  7.0000000e+003,  3.5294248e-005,
  7.2500000e+003,  3.3866590e-005,
  7.5000000e+003,  3.1886566e-005,
  7.7500000e+003,  3.1650023e-005,
  8.0000000e+003,  3.2651027e-005,
  8.2500000e+003,  3.2984241e-005,
  8.5000000e+003,  3.1800344e-005,
  8.7500000e+003,  3.2081416e-005,
  9.0000000e+003,  3.5032426e-005,
  9.2500000e+003,  3.6164878e-005,
  9.5000000e+003,  8.6892863e-005,
  9.7500000e+003,  2.7818032e-004,
  1.0000000e+004,  4.0667386e-004,
  1.0250000e+004,  2.7780404e-004,
  1.0500000e+004,  8.3887542e-005,
  1.0750000e+004,  3.7842806e-005,
  1.1000000e+004,  4.3153333e-005,
  1.1250000e+004,  3.7409831e-005,
  1.1500000e+004,  3.3163339e-005,
  1.1750000e+004,  3.6312058e-005,
  1.2000000e+004,  3.7714941e-005,
  1.2250000e+004,  3.4772546e-005,
  1.2500000e+004,  3.4096611e-005,
  1.2750000e+004,  3.2146629e-005,
  1.3000000e+004,  3.0742071e-005,
  1.3250000e+004,  3.0369775e-005,
  1.3500000e+004,  3.0992800e-005,
  1.3750000e+004,  3.3889522e-005,
  1.4000000e+004,  3.5509922e-005,
  1.4250000e+004,  3.4165921e-005,
  1.4500000e+004,  4.0823338e-005,
  1.4750000e+004,  8.6775309e-005,
  1.5000000e+004,  1.2189095e-004,
  1.5250000e+004,  8.5608457e-005,
  1.5500000e+004,  4.0465672e-005,
  1.5750000e+004,  3.6757200e-005,
  1.6000000e+004,  4.0138313e-005,
  1.6250000e+004,  3.7511258e-005,
  1.6500000e+004,  3.4702006e-005,
  1.6750000e+004,  3.2211975e-005,
  1.7000000e+004,  3.2430758e-005,
  1.7250000e+004,  3.1585817e-005,
  1.7500000e+004,  3.1351502e-005,
  1.7750000e+004,  3.5848034e-005,
  1.8000000e+004,  3.8306709e-005,
  1.8250000e+004,  3.4584754e-005,
  1.8500000e+004,  3.3729325e-005,
  1.8750000e+004,  3.3866590e-005,
  1.9000000e+004,  3.3388584e-005,
  1.9250000e+004,  3.2806106e-005,
  1.9500000e+004,  3.2103139e-005,
  1.9750000e+004,  3.6856858e-005,
  2.0000000e+004,  4.3299636e-005,
  2.0250000e+004,  3.8280792e-005,
  2.0500000e+004,  3.1479094e-005,
  2.0750000e+004,  3.1886566e-005,
  2.1000000e+004,  3.4212209e-005,
  2.1250000e+004,  3.3752164e-005,
  2.1500000e+004,  3.3820773e-005,
  2.1750000e+004,  3.4866823e-005,
  2.2000000e+004,  3.4985032e-005,
  2.2250000e+004,  3.2939614e-005,
  2.2500000e+004,  3.3706502e-005,
  2.2750000e+004,  3.5437886e-005,
  2.3000000e+004,  3.4772546e-005,
  2.3250000e+004,  3.2584791e-005,
  2.3500000e+004,  3.2739555e-005,
  2.3750000e+004,  3.4165921e-005,
  2.4000000e+004,  3.3547166e-005,
  2.4250000e+004,  3.2103139e-005,
  2.4500000e+004,  3.1585817e-005,
  2.4750000e+004,  3.3051289e-005,
  2.5000000e+004,  3.5848034e-005,
  2.5250000e+004,  3.3592613e-005,
  2.5500000e+004,  3.3163339e-005,
  2.5750000e+004,  3.6459834e-005,
  2.6000000e+004,  3.8358603e-005,
  2.6250000e+004,  3.4027443e-005,
  2.6500000e+004,  3.0762887e-005,
  2.6750000e+004,  3.1055800e-005,
  2.7000000e+004,  3.2961918e-005,
  2.7250000e+004,  3.2540708e-005,
  2.7500000e+004,  3.2984241e-005,
  2.7750000e+004,  3.4004417e-005,
  2.8000000e+004,  3.3547166e-005,
  2.8250000e+004,  3.1055800e-005,
  2.8500000e+004,  3.0742071e-005,
  2.8750000e+004,  3.1994667e-005,
  2.9000000e+004,  3.2673136e-005,
  2.9250000e+004,  3.2124877e-005,
  2.9500000e+004,  3.3411192e-005,
  2.9750000e+004,  5.3013037e-005,
  3.0000000e+004,  7.1987846e-005,
  3.0250000e+004,  5.5210436e-005,
  3.0500000e+004,  3.4351439e-005,
  3.0750000e+004,  3.1182189e-005,
  3.1000000e+004,  3.1245574e-005,
  3.1250000e+004,  3.1266731e-005,
  3.1500000e+004,  3.0700481e-005,
  3.1750000e+004,  3.0042633e-005,
  3.2000000e+004,  3.2168396e-005,
  3.2250000e+004,  3.2496681e-005,
  3.2500000e+004,  3.1182189e-005,
  3.2750000e+004,  3.2739555e-005,
  3.3000000e+004,  3.2606855e-005,
  3.3250000e+004,  3.0846293e-005,
  3.3500000e+004,  3.1161089e-005,
  3.3750000e+004,  3.2562742e-005,
  3.4000000e+004,  3.4142802e-005,
  3.4250000e+004,  3.3208266e-005,
  3.4500000e+004,  3.2343068e-005,
  3.4750000e+004,  3.4843230e-005,
  3.5000000e+004,  3.9518246e-005,
  3.5250000e+004,  3.7258205e-005,
  3.5500000e+004,  3.5437886e-005,
  3.5750000e+004,  3.5558027e-005,
  3.6000000e+004,  3.4397975e-005,
  3.6250000e+004,  3.2739555e-005,
  3.6500000e+004,  3.2783907e-005,
  3.6750000e+004,  3.2961918e-005,
  3.7000000e+004,  3.3775018e-005,
  3.7250000e+004,  3.4027443e-005,
  3.7500000e+004,  3.4467901e-005,
  3.7750000e+004,  3.5008721e-005,
  3.8000000e+004,  3.2343068e-005,
  3.8250000e+004,  2.9161045e-005,
  3.8500000e+004,  2.9900618e-005,
  3.8750000e+004,  3.2386883e-005,
  3.9000000e+004,  3.4491240e-005,
  3.9250000e+004,  3.2850549e-005,
  3.9500000e+004,  3.5702738e-005,
  3.9750000e+004,  6.8470753e-005,
  4.0000000e+004,  9.5207397e-005,
  4.0250000e+004,  6.8193218e-005,
  4.0500000e+004,  3.6583444e-005,
  4.0750000e+004,  3.4491240e-005,
  4.1000000e+004,  3.4843230e-005,
  4.1250000e+004,  3.5079885e-005,
  4.1500000e+004,  3.5127407e-005,
  4.1750000e+004,  3.5920904e-005,
  4.2000000e+004,  3.6707469e-005,
  4.2250000e+004,  3.4702006e-005,
  4.2500000e+004,  3.2783907e-005,
  4.2750000e+004,  3.2190178e-005,
  4.3000000e+004,  3.2081416e-005,
  4.3250000e+004,  3.2540708e-005,
  4.3500000e+004,  3.4491240e-005,
  4.3750000e+004,  3.8566892e-005,
  4.4000000e+004,  3.7638432e-005,
  4.4250000e+004,  4.8866924e-003,
  4.4500000e+004,  5.9118520e-002,
  4.4750000e+004,  2.0430773e-001,
  4.5000000e+004,  3.0030062e-001,
  4.5250000e+004,  2.0458446e-001,
  4.5500000e+004,  5.9238647e-002,
  4.5750000e+004,  4.8900008e-003,
  4.6000000e+004,  3.4725504e-005,
  4.6250000e+004,  3.4073540e-005,
  4.6500000e+004,  3.2124877e-005,
  4.6750000e+004,  3.3365991e-005,
  4.7000000e+004,  3.2917325e-005,
  4.7250000e+004,  3.1118929e-005,
  4.7500000e+004,  3.2850549e-005,
  4.7750000e+004,  3.3958414e-005,
  4.8000000e+004,  3.3889522e-005,
  4.8250000e+004,  3.4281754e-005,
  4.8500000e+004,  3.4749017e-005,
  4.8750000e+004,  3.5848034e-005,
  4.9000000e+004,  3.5606197e-005,
  4.9250000e+004,  8.2184039e-003,
  4.9500000e+004,  9.9425099e-002,
  4.9750000e+004,  3.4406867e-001,
  5.0000000e+004,  5.0572792e-001,
  5.0250000e+004,  3.4453500e-001,
  5.0500000e+004,  9.9762158e-002,
  5.0750000e+004,  8.2630284e-003,
  5.1000000e+004,  3.3843674e-005,
  5.1250000e+004,  3.3298305e-005,
  5.1500000e+004,  3.2430758e-005,
  5.1750000e+004,  3.3456458e-005,
  5.2000000e+004,  3.7182618e-005,
  5.2250000e+004,  3.4421267e-005,
  5.2500000e+004,  3.0576046e-005,
  5.2750000e+004,  3.1585817e-005,
  5.3000000e+004,  3.4189059e-005,
  5.3250000e+004,  3.3912469e-005,
  5.3500000e+004,  3.1671454e-005,
  5.3750000e+004,  3.2211975e-005,
  5.4000000e+004,  3.7536661e-005,
  5.4250000e+004,  4.8767787e-003,
  5.4500000e+004,  5.9078498e-002,
  5.4750000e+004,  2.0430773e-001,
  5.5000000e+004,  3.0050406e-001,
  5.5250000e+004,  2.0458446e-001,
  5.5500000e+004,  5.9278779e-002,
  5.5750000e+004,  4.8933114e-003,
  5.6000000e+004,  3.6189366e-005,
  5.6250000e+004,  3.7485875e-005,
  5.6500000e+004,  3.5365992e-005,
  5.6750000e+004,  3.4304966e-005,
  5.7000000e+004,  3.4749017e-005,
  5.7250000e+004,  3.3797888e-005,
  5.7500000e+004,  3.2059708e-005,
  5.7750000e+004,  3.4050483e-005,
  5.8000000e+004,  3.5246500e-005,
  5.8250000e+004,  3.4050483e-005,
  5.8500000e+004,  3.2673136e-005,
  5.8750000e+004,  3.2628933e-005,
  5.9000000e+004,  3.5127407e-005,
  5.9250000e+004,  3.5413902e-005,
  5.9500000e+004,  3.8177276e-005,
  5.9750000e+004,  7.5276859e-005,
  6.0000000e+004,  1.0291479e-004,
  6.0250000e+004,  7.2378727e-005,
  6.0500000e+004,  3.7384517e-005,
  6.0750000e+004,  3.4866823e-005,
  6.1000000e+004,  3.4866823e-005,
  6.1250000e+004,  3.4444578e-005,
  6.1500000e+004,  3.5318147e-005,
  6.1750000e+004,  3.6385871e-005,
  6.2000000e+004,  3.5630307e-005,
  6.2250000e+004,  3.3775018e-005,
  6.2500000e+004,  3.3752164e-005,
  6.2750000e+004,  3.3958414e-005,
  6.3000000e+004,  3.3958414e-005,
  6.3250000e+004,  3.2739555e-005,
  6.3500000e+004,  3.3820773e-005,
  6.3750000e+004,  3.3775018e-005,
  6.4000000e+004,  3.2651027e-005,
  6.4250000e+004,  3.2364968e-005,
  6.4500000e+004,  3.6608215e-005,
  6.4750000e+004,  5.8638770e-005,
  6.5000000e+004,  7.8238052e-005,
  6.5250000e+004,  5.9077019e-005,
  6.5500000e+004,  3.5896597e-005,
  6.5750000e+004,  3.3524466e-005,
  6.6000000e+004,  3.5920904e-005,
  6.6250000e+004,  3.5056147e-005,
  6.6500000e+004,  3.1735834e-005,
  6.6750000e+004,  3.2081416e-005,
  6.7000000e+004,  3.4561352e-005,
  6.7250000e+004,  3.4819653e-005,
  6.7500000e+004,  3.3028925e-005,
  6.7750000e+004,  3.3797888e-005,
  6.8000000e+004,  3.3569882e-005,
  6.8250000e+004,  3.1973018e-005,
  6.8500000e+004,  3.1393977e-005,
  6.8750000e+004,  3.1757323e-005,
  6.9000000e+004,  3.2895051e-005,
  6.9250000e+004,  3.3433816e-005,
  6.9500000e+004,  3.2828320e-005,
  6.9750000e+004,  4.0192688e-005,
  7.0000000e+004,  4.8219889e-005,
  7.0250000e+004,  4.0630360e-005,
  7.0500000e+004,  3.4397975e-005,
  7.0750000e+004,  3.6091513e-005,
  7.1000000e+004,  3.6956785e-005,
  7.1250000e+004,  3.4937702e-005,
  7.1500000e+004,  3.5365992e-005,
  7.1750000e+004,  3.6732328e-005,
  7.2000000e+004,  3.6042686e-005,
  7.2250000e+004,  3.3912469e-005,
  7.2500000e+004,  3.3729325e-005,
  7.2750000e+004,  3.3275773e-005,
  7.3000000e+004,  3.3843674e-005,
  7.3250000e+004,  3.4119699e-005,
  7.3500000e+004,  3.3275773e-005,
  7.3750000e+004,  3.4961359e-005,
  7.4000000e+004,  3.6042686e-005,
  7.4250000e+004,  3.4142802e-005,
  7.4500000e+004,  3.5318147e-005,
  7.4750000e+004,  3.5151193e-005,
  7.5000000e+004,  3.3638121e-005,
  7.5250000e+004,  3.2917325e-005,
  7.5500000e+004,  3.0472737e-005,
  7.5750000e+004,  3.0888080e-005,
  7.6000000e+004,  3.2828320e-005,
  7.6250000e+004,  3.2081416e-005,
  7.6500000e+004,  3.2364968e-005,
  7.6750000e+004,  3.4491240e-005,
  7.7000000e+004,  3.5342061e-005,
  7.7250000e+004,  3.2146629e-005,
  7.7500000e+004,  3.1224431e-005,
  7.7750000e+004,  3.3253257e-005,
  7.8000000e+004,  3.4796092e-005,
  7.8250000e+004,  3.3683690e-005,
  7.8500000e+004,  3.3524466e-005,
  7.8750000e+004,  3.4985032e-005,
  7.9000000e+004,  3.6509230e-005,
  7.9250000e+004,  3.6385871e-005,
  7.9500000e+004,  3.5174994e-005,
  7.9750000e+004,  3.3433816e-005,
  8.0000000e+004,  3.5008721e-005,
  8.0250000e+004,  3.5558027e-005,
  8.0500000e+004,  3.6782089e-005,
  8.0750000e+004,  3.7485875e-005,
  8.1000000e+004,  3.7232989e-005,
  8.1250000e+004,  3.4304966e-005,
  8.1500000e+004,  3.1055800e-005,
  8.1750000e+004,  3.1287902e-005,
  8.2000000e+004,  3.3615359e-005,
  8.2250000e+004,  3.3843674e-005,
  8.2500000e+004,  3.2739555e-005,
  8.2750000e+004,  3.3298305e-005,
  8.3000000e+004,  3.4467901e-005,
  8.3250000e+004,  3.4073540e-005,
  8.3500000e+004,  3.4351439e-005,
  8.3750000e+004,  3.5103638e-005,
  8.4000000e+004,  3.4725504e-005,
  8.4250000e+004,  3.4491240e-005,
  8.4500000e+004,  3.5461881e-005,
  8.4750000e+004,  3.6213874e-005,
  8.5000000e+004,  3.6435163e-005,
  8.5250000e+004,  3.5606197e-005,
  8.5500000e+004,  3.5151193e-005,
  8.5750000e+004,  3.4004417e-005,
  8.6000000e+004,  3.3866590e-005,
  8.6250000e+004,  3.4537965e-005,
  8.6500000e+004,  3.3912469e-005,
  8.6750000e+004,  3.3569882e-005,
  8.7000000e+004,  3.3592613e-005,
  8.7250000e+004,  3.2343068e-005,
  8.7500000e+004,  3.3843674e-005,
  8.7750000e+004,  3.6484526e-005,
  8.8000000e+004,  3.6336646e-005,
  8.8250000e+004,  3.5079885e-005,
  8.8500000e+004,  3.4258556e-005,
  8.8750000e+004,  3.4561352e-005,
  8.9000000e+004,  3.5751104e-005,
  8.9250000e+004,  3.3501781e-005,
  8.9500000e+004,  3.3298305e-005,
  8.9750000e+004,  3.4374699e-005,
  9.0000000e+004,  3.4514595e-005,
  9.0250000e+004,  3.4421267e-005,
  9.0500000e+004,  3.4142802e-005,
  9.0750000e+004,  3.6831918e-005,
  9.1000000e+004,  3.9066105e-005,
  9.1250000e+004,  3.6115951e-005,
  9.1500000e+004,  3.2474692e-005,
  9.1750000e+004,  3.1908157e-005,
  9.2000000e+004,  3.2872792e-005,
  9.2250000e+004,  3.3843674e-005,
  9.2500000e+004,  3.4444578e-005,
  9.2750000e+004,  3.4796092e-005,
  9.3000000e+004,  3.4374699e-005,
  9.3250000e+004,  3.3912469e-005,
  9.3500000e+004,  3.3958414e-005,
  9.3750000e+004,  3.5318147e-005,
  9.4000000e+004,  4.0274394e-005,
  9.4250000e+004,  3.8619138e-005,
  9.4500000e+004,  3.6018297e-005,
  9.4750000e+004,  4.5033406e-005,
  9.5000000e+004,  5.5210436e-005,
  9.5250000e+004,  4.5585461e-005,
  9.5500000e+004,  3.5799536e-005,
  9.5750000e+004,  3.6410509e-005,
  9.6000000e+004,  3.7536661e-005,
  9.6250000e+004,  3.7333941e-005,
  9.6500000e+004,  3.6757200e-005,
  9.6750000e+004,  3.5920904e-005,
  9.7000000e+004,  3.4537965e-005,
  9.7250000e+004,  3.2146629e-005,
  9.7500000e+004,  3.2984241e-005,
  9.7750000e+004,  3.4985032e-005,
  9.8000000e+004,  3.3958414e-005,
  9.8250000e+004,  3.0783718e-005,
  9.8500000e+004,  3.2452717e-005,
  9.8750000e+004,  3.5365992e-005,
  9.9000000e+004,  3.4444578e-005,
  9.9250000e+004,  3.1886566e-005,
  9.9500000e+004,  3.4235375e-005,
  9.9750000e+004,  4.4307721e-005,
