  0.0000000e+000,  2.2793298e-002,
  2.5000000e+002,  1.5517776e-002,
  5.0000000e+002,  4.4871863e-003,
  7.5000000e+002,  3.7015514e-004,
  1.0000000e+003,  4.3949271e-005,
  1.2500000e+003,  3.8697636e-005,
  1.5000000e+003,  3.4258556e-005,
  1.7500000e+003,  3.3411192e-005,
  2.0000000e+003,  3.4467901e-005,
  2.2500000e+003,  3.4235375e-005,
  2.5000000e+003,  3.2783907e-005,
  2.7500000e+003,  3.2364968e-005,
  3.0000000e+003,  3.2761724e-005,
  3.2500000e+003,  3.1951383e-005,
  3.5000000e+003,  2.9860166e-005,
  3.7500000e+003,  3.1543083e-005,
  4.0000000e+003,  3.5823777e-005,
  4.2500000e+003,  9.9692146e-005,
  4.5000000e+003,  1.0569256e-003,
  4.7500000e+003,  3.6427551e-003,
  5.0000000e+003,  5.3542863e-003,
  5.2500000e+003,  3.6476892e-003,
  5.5000000e+003,  1.0540678e-003,
  5.7500000e+003,  8.4114981e-005,
  6.0000000e+003,  3.7971100e-005,
  6.2500000e+003,  3.4843230e-005,
  6.5000000e+003,  3.1500409e-005,
  6.7500000e+003,  3.0369775e-005,
  7.0000000e+003,  3.1886566e-005,
  7.2500000e+003,  3.3096064e-005,
  7.5000000e+003,  3.2806106e-005,
  7.7500000e+003,  3.1650023e-005,
  8.0000000e+003,  3.1203303e-005,
  8.2500000e+003,  3.0658944e-005,
  8.5000000e+003,  3.1714359e-005,
  8.7500000e+003,  3.3524466e-005,
  9.0000000e+003,  3.3501781e-005,
  9.2500000e+003,  3.6583444e-005,
  9.5000000e+003,  1.5839430e-004,
  9.7500000e+003,  5.3169201e-004,
  1.0000000e+004,  7.8044753e-004,
  1.0250000e+004,  5.3133229e-004,
  1.0500000e+004,  1.5188442e-004,
  1.0750000e+004,  3.5751104e-005,
  1.1000000e+004,  4.6144284e-005,
  1.1250000e+004,  3.8358603e-005,
  1.1500000e+004,  3.3866590e-005,
  1.1750000e+004,  3.3706502e-005,
  1.2000000e+004,  3.2939614e-005,
  1.2250000e+004,  3.0762887e-005,
  1.2500000e+004,  2.9042852e-005,
  1.2750000e+004,  3.1607205e-005,
  1.3000000e+004,  3.3912469e-005,
  1.3250000e+004,  3.1457793e-005,
  1.3500000e+004,  2.9779424e-005,
  1.3750000e+004,  3.3981408e-005,
  1.4000000e+004,  3.6782089e-005,
  1.4250000e+004,  3.5127407e-005,
  1.4500000e+004,  6.8563510e-005,
  1.4750000e+004,  2.1133568e-004,
  1.5000000e+004,  3.0979076e-004,
  1.5250000e+004,  2.1262704e-004,
  1.5500000e+004,  7.1696071e-005,
  1.5750000e+004,  3.7460510e-005,
  1.6000000e+004,  3.9464783e-005,
  1.6250000e+004,  3.6583444e-005,
  1.6500000e+004,  3.3866590e-005,
  1.6750000e+004,  3.3683690e-005,
  1.7000000e+004,  3.3006575e-005,
  1.7250000e+004,  3.1951383e-005,
  1.7500000e+004,  2.8478295e-005,
  1.7750000e+004,  2.9042852e-005,
  1.8000000e+004,  3.3118474e-005,
  1.8250000e+004,  3.1564441e-005,
  1.8500000e+004,  2.8807898e-005,
  1.8750000e+004,  3.0950871e-005,
  1.9000000e+004,  3.3547166e-005,
  1.9250000e+004,  3.2761724e-005,
  1.9500000e+004,  3.5008721e-005,
  1.9750000e+004,  5.7772002e-005,
  2.0000000e+004,  7.9735070e-005,
  2.0250000e+004,  6.0904231e-005,
  2.0500000e+004,  3.6757200e-005,
  2.0750000e+004,  3.4608172e-005,
  2.1000000e+004,  3.6312058e-005,
  2.1250000e+004,  3.2783907e-005,
  2.1500000e+004,  2.9200552e-005,
  2.1750000e+004,  3.0929928e-005,
  2.2000000e+004,  3.2386883e-005,
  2.2250000e+004,  3.1908157e-005,
  2.2500000e+004,  3.2211975e-005,
  2.2750000e+004,  3.5726913e-005,
  2.3000000e+004,  3.9679078e-005,
  2.3250000e+004,  3.6042686e-005,
  2.3500000e+004,  3.1013786e-005,
  2.3750000e+004,  3.1161089e-005,
  2.4000000e+004,  3.3797888e-005,
  2.4250000e+004,  3.3660898e-005,
  2.4500000e+004,  3.4119699e-005,
  2.4750000e+004,  6.0575318e-005,
  2.5000000e+004,  8.2256873e-005,
  2.5250000e+004,  6.0863013e-005,
  2.5500000e+004,  3.3958414e-005,
  2.5750000e+004,  3.0638199e-005,
  2.6000000e+004,  3.3615359e-005,
  2.6250000e+004,  3.2474692e-005,
  2.6500000e+004,  3.2168396e-005,
  2.6750000e+004,  3.4212209e-005,
  2.7000000e+004,  3.4772546e-005,
  2.7250000e+004,  3.3163339e-005,
  2.7500000e+004,  3.0762887e-005,
  2.7750000e+004,  3.0617467e-005,
  2.8000000e+004,  3.3253257e-005,
  2.8250000e+004,  3.2783907e-005,
  2.8500000e+004,  3.2343068e-005,
  2.8750000e+004,  3.4258556e-005,
  2.9000000e+004,  3.5389939e-005,
  2.9250000e+004,  3.1735834e-005,
  2.9500000e+004,  3.3683690e-005,
  2.9750000e+004,  6.6102574e-005,
  3.0000000e+004,  9.0127802e-005,
  3.0250000e+004,  6.4729933e-005,
  3.0500000e+004,  3.6633004e-005,
  3.0750000e+004,  3.5342061e-005,
  3.1000000e+004,  3.7945407e-005,
  3.1250000e+004,  3.5751104e-005,
  3.1500000e+004,  3.4235375e-005,
  3.1750000e+004,  3.2584791e-005,
  3.2000000e+004,  3.0804562e-005,
  3.2250000e+004,  3.0226212e-005,
  3.2500000e+004,  3.0042633e-005,
  3.2750000e+004,  3.1908157e-005,
  3.3000000e+004,  3.4631606e-005,
  3.3250000e+004,  3.2695259e-005,
  3.3500000e+004,  3.0308166e-005,
  3.3750000e+004,  3.1245574e-005,
  3.4000000e+004,  3.2496681e-005,
  3.4250000e+004,  3.1245574e-005,
  3.4500000e+004,  3.8022540e-005,
  3.4750000e+004,  8.8375830e-005,
  3.5000000e+004,  1.2754625e-004,
  3.5250000e+004,  9.2101334e-005,
  3.5500000e+004,  4.1745500e-005,
  3.5750000e+004,  3.1457793e-005,
  3.6000000e+004,  3.3208266e-005,
  3.6250000e+004,  3.2386883e-005,
  3.6500000e+004,  3.0742071e-005,
  3.6750000e+004,  2.9259909e-005,
  3.7000000e+004,  3.0022301e-005,
  3.7250000e+004,  3.2783907e-005,
  3.7500000e+004,  3.2761724e-005,
  3.7750000e+004,  3.2103139e-005,
  3.8000000e+004,  3.1973018e-005,
  3.8250000e+004,  3.2474692e-005,
  3.8500000e+004,  3.1864990e-005,
  3.8750000e+004,  3.1564441e-005,
  3.9000000e+004,  3.1735834e-005,
  3.9250000e+004,  3.2124877e-005,
  3.9500000e+004,  5.2655397e-005,
  3.9750000e+004,  1.4574065e-004,
  4.0000000e+004,  2.1176524e-004,
  4.0250000e+004,  1.4682987e-004,
  4.0500000e+004,  5.2619773e-005,
  4.0750000e+004,  3.1864990e-005,
  4.1000000e+004,  3.1521739e-005,
  4.1250000e+004,  3.3411192e-005,
  4.1500000e+004,  3.3935432e-005,
  4.1750000e+004,  3.4890432e-005,
  4.2000000e+004,  3.5823777e-005,
  4.2250000e+004,  3.5056147e-005,
  4.2500000e+004,  3.3388584e-005,
  4.2750000e+004,  3.2673136e-005,
  4.3000000e+004,  3.3343414e-005,
  4.3250000e+004,  3.2540708e-005,
  4.3500000e+004,  3.4212209e-005,
  4.3750000e+004,  3.6336646e-005,
  4.4000000e+004,  3.5558027e-005,
  4.4250000e+004,  6.4891864e-003,
  4.4500000e+004,  7.8452154e-002,
  4.4750000e+004,  2.7112285e-001,
  4.5000000e+004,  3.9877843e-001,
  4.5250000e+004,  2.7149032e-001,
  4.5500000e+004,  7.8611635e-002,
  4.5750000e+004,  6.5067801e-003,
  4.6000000e+004,  3.2673136e-005,
  4.6250000e+004,  3.1650023e-005,
  4.6500000e+004,  3.1076829e-005,
  4.6750000e+004,  3.1886566e-005,
  4.7000000e+004,  3.4073540e-005,
  4.7250000e+004,  3.3889522e-005,
  4.7500000e+004,  3.3051289e-005,
  4.7750000e+004,  3.1864990e-005,
  4.8000000e+004,  3.0638199e-005,
  4.8250000e+004,  3.1013786e-005,
  4.8500000e+004,  3.1436507e-005,
  4.8750000e+004,  3.2430758e-005,
  4.9000000e+004,  3.4328195e-005,
  4.9250000e+004,  8.2072837e-003,
  4.9500000e+004,  9.9290525e-002,
  4.9750000e+004,  3.4337095e-001,
  5.0000000e+004,  5.0504385e-001,
  5.0250000e+004,  3.4406867e-001,
  5.0500000e+004,  9.9627215e-002,
  5.0750000e+004,  8.2406860e-003,
  5.1000000e+004,  3.4491240e-005,
  5.1250000e+004,  3.2364968e-005,
  5.1500000e+004,  3.1351502e-005,
  5.1750000e+004,  3.2190178e-005,
  5.2000000e+004,  3.2146629e-005,
  5.2250000e+004,  3.2695259e-005,
  5.2500000e+004,  3.2190178e-005,
  5.2750000e+004,  3.1607205e-005,
  5.3000000e+004,  3.0555356e-005,
  5.3250000e+004,  3.0908995e-005,
  5.3500000e+004,  3.0971828e-005,
  5.3750000e+004,  2.9180790e-005,
  5.4000000e+004,  2.9438708e-005,
  5.4250000e+004,  6.4760216e-003,
  5.4500000e+004,  7.8399043e-002,
  5.4750000e+004,  2.7112285e-001,
  5.5000000e+004,  3.9877843e-001,
  5.5250000e+004,  2.7167400e-001,
  5.5500000e+004,  7.8664822e-002,
  5.5750000e+004,  6.4979787e-003,
  5.6000000e+004,  3.3638121e-005,
  5.6250000e+004,  3.3343414e-005,
  5.6500000e+004,  3.1886566e-005,
  5.6750000e+004,  3.3524466e-005,
  5.7000000e+004,  3.4073540e-005,
  5.7250000e+004,  3.2562742e-005,
  5.7500000e+004,  3.3208266e-005,
  5.7750000e+004,  3.3889522e-005,
  5.8000000e+004,  3.3935432e-005,
  5.8250000e+004,  3.3615359e-005,
  5.8500000e+004,  3.4119699e-005,
  5.8750000e+004,  3.2895051e-005,
  5.9000000e+004,  3.2496681e-005,
  5.9250000e+004,  3.3298305e-005,
  5.9500000e+004,  4.7862181e-005,
  5.9750000e+004,  1.2131475e-004,
  6.0000000e+004,  1.7355061e-004,
  6.0250000e+004,  1.1976451e-004,
  6.0500000e+004,  4.5063894e-005,
  6.0750000e+004,  3.1628607e-005,
  6.1000000e+004,  3.3456458e-005,
  6.1250000e+004,  3.4608172e-005,
  6.1500000e+004,  3.3208266e-005,
  6.1750000e+004,  3.2917325e-005,
  6.2000000e+004,  3.4212209e-005,
  6.2250000e+004,  3.3615359e-005,
  6.2500000e+004,  3.3320852e-005,
  6.2750000e+004,  3.5246500e-005,
  6.3000000e+004,  3.4796092e-005,
  6.3250000e+004,  3.2430758e-005,
  6.3500000e+004,  3.1973018e-005,
  6.3750000e+004,  3.3411192e-005,
  6.4000000e+004,  3.4073540e-005,
  6.4250000e+004,  3.2717398e-005,
  6.4500000e+004,  4.5063894e-005,
  6.4750000e+004,  1.0732582e-004,
  6.5000000e+004,  1.5147370e-004,
  6.5250000e+004,  1.0410589e-004,
  6.5500000e+004,  4.0438295e-005,
  6.5750000e+004,  3.3298305e-005,
  6.6000000e+004,  3.6533951e-005,
  6.6250000e+004,  3.7157458e-005,
  6.6500000e+004,  3.5823777e-005,
  6.6750000e+004,  3.8203131e-005,
  6.7000000e+004,  4.0712946e-005,
  6.7250000e+004,  3.6509230e-005,
  6.7500000e+004,  3.1330288e-005,
  6.7750000e+004,  3.0908995e-005,
  6.8000000e+004,  3.2452717e-005,
  6.8250000e+004,  3.3935432e-005,
  6.8500000e+004,  3.4212209e-005,
  6.8750000e+004,  3.3797888e-005,
  6.9000000e+004,  3.2584791e-005,
  6.9250000e+004,  3.1929763e-005,
  6.9500000e+004,  3.9145521e-005,
  6.9750000e+004,  8.2424089e-005,
  7.0000000e+004,  1.1577888e-004,
  7.0250000e+004,  8.2089997e-005,
  7.0500000e+004,  3.8934107e-005,
  7.0750000e+004,  3.4890432e-005,
  7.1000000e+004,  3.3706502e-005,
  7.1250000e+004,  3.1118929e-005,
  7.1500000e+004,  3.2496681e-005,
  7.1750000e+004,  3.4444578e-005,
  7.2000000e+004,  3.4281754e-005,
  7.2250000e+004,  3.2761724e-005,
  7.2500000e+004,  3.3253257e-005,
  7.2750000e+004,  3.3775018e-005,
  7.3000000e+004,  3.3958414e-005,
  7.3250000e+004,  3.2895051e-005,
  7.3500000e+004,  3.4235375e-005,
  7.3750000e+004,  3.5079885e-005,
  7.4000000e+004,  3.4027443e-005,
  7.4250000e+004,  3.2016332e-005,
  7.4500000e+004,  3.4467901e-005,
  7.4750000e+004,  6.1028040e-005,
  7.5000000e+004,  8.4058055e-005,
  7.5250000e+004,  6.3643764e-005,
  7.5500000e+004,  3.7791606e-005,
  7.5750000e+004,  3.3411192e-005,
  7.6000000e+004,  3.4374699e-005,
  7.6250000e+004,  3.3592613e-005,
  7.6500000e+004,  3.2430758e-005,
  7.6750000e+004,  3.2474692e-005,
  7.7000000e+004,  3.6213874e-005,
  7.7250000e+004,  3.5606197e-005,
  7.7500000e+004,  3.2717398e-005,
  7.7750000e+004,  3.3569882e-005,
  7.8000000e+004,  3.5079885e-005,
  7.8250000e+004,  3.3433816e-005,
  7.8500000e+004,  3.3208266e-005,
  7.8750000e+004,  3.3797888e-005,
  7.9000000e+004,  3.3775018e-005,
  7.9250000e+004,  3.2103139e-005,
  7.9500000e+004,  3.1864990e-005,
  7.9750000e+004,  4.1212038e-005,
  8.0000000e+004,  4.8744972e-005,
  8.0250000e+004,  4.0657867e-005,
  8.0500000e+004,  3.3569882e-005,
  8.0750000e+004,  3.3096064e-005,
  8.1000000e+004,  3.3388584e-005,
  8.1250000e+004,  3.2783907e-005,
  8.1500000e+004,  3.2430758e-005,
  8.1750000e+004,  3.0992800e-005,
  8.2000000e+004,  3.1521739e-005,
  8.2250000e+004,  3.2124877e-005,
  8.2500000e+004,  3.2761724e-005,
  8.2750000e+004,  3.4212209e-005,
  8.3000000e+004,  3.3981408e-005,
  8.3250000e+004,  3.2673136e-005,
  8.3500000e+004,  3.1929763e-005,
  8.3750000e+004,  3.2343068e-005,
  8.4000000e+004,  3.3935432e-005,
  8.4250000e+004,  3.4004417e-005,
  8.4500000e+004,  3.3343414e-005,
  8.4750000e+004,  3.4491240e-005,
  8.5000000e+004,  3.7714941e-005,
  8.5250000e+004,  3.5726913e-005,
  8.5500000e+004,  3.3433816e-005,
  8.5750000e+004,  3.4096611e-005,
  8.6000000e+004,  3.7031913e-005,
  8.6250000e+004,  3.7409831e-005,
  8.6500000e+004,  3.5174994e-005,
  8.6750000e+004,  3.4678525e-005,
  8.7000000e+004,  3.6262933e-005,
  8.7250000e+004,  3.6018297e-005,
  8.7500000e+004,  3.4866823e-005,
  8.7750000e+004,  3.3889522e-005,
  8.8000000e+004,  3.4119699e-005,
  8.8250000e+004,  3.5533966e-005,
  8.8500000e+004,  3.6018297e-005,
  8.8750000e+004,  3.6312058e-005,
  8.9000000e+004,  3.8828833e-005,
  8.9250000e+004,  3.6533951e-005,
  8.9500000e+004,  3.5630307e-005,
  8.9750000e+004,  3.7082080e-005,
  9.0000000e+004,  3.9438083e-005,
  9.0250000e+004,  3.6164878e-005,
  9.0500000e+004,  3.3638121e-005,
  9.0750000e+004,  3.5437886e-005,
  9.1000000e+004,  3.8177276e-005,
  9.1250000e+004,  3.5582104e-005,
  9.1500000e+004,  3.3660898e-005,
  9.1750000e+004,  3.5509922e-005,
  9.2000000e+004,  3.5533966e-005,
  9.2250000e+004,  3.3797888e-005,
  9.2500000e+004,  3.2430758e-005,
  9.2750000e+004,  3.1161089e-005,
  9.3000000e+004,  3.1929763e-005,
  9.3250000e+004,  3.3320852e-005,
  9.3500000e+004,  3.3889522e-005,
  9.3750000e+004,  3.7359220e-005,
  9.4000000e+004,  3.9813593e-005,
  9.4250000e+004,  3.4749017e-005,
  9.4500000e+004,  3.3912469e-005,
  9.4750000e+004,  4.2804231e-005,
  9.5000000e+004,  5.1353004e-005,
  9.5250000e+004,  4.2544255e-005,
  9.5500000e+004,  3.4304966e-005,
  9.5750000e+004,  3.3706502e-005,
  9.6000000e+004,  3.4397975e-005,
  9.6250000e+004,  3.1393977e-005,
  9.6500000e+004,  3.0929928e-005,
  9.6750000e+004,  3.5032426e-005,
  9.7000000e+004,  3.7740479e-005,
  9.7250000e+004,  3.7308678e-005,
  9.7500000e+004,  3.5509922e-005,
  9.7750000e+004,  3.4004417e-005,
  9.8000000e+004,  3.4328195e-005,
  9.8250000e+004,  3.3843674e-005,
  9.8500000e+004,  3.2190178e-005,
  9.8750000e+004,  3.3051289e-005,
  9.9000000e+004,  3.5032426e-005,
  9.9250000e+004,  3.4050483e-005,
  9.9500000e+004,  3.2895051e-005,
  9.9750000e+004,  4.7765092e-005,
