  0.0000000e+000,  2.1114851e-002,
  2.5000000e+002,  1.4365362e-002,
  5.0000000e+002,  4.1539478e-003,
  7.5000000e+002,  3.4710127e-004,
  1.0000000e+003,  3.8358603e-005,
  1.2500000e+003,  3.6091513e-005,
  1.5000000e+003,  3.3775018e-005,
  1.7500000e+003,  3.3118474e-005,
  2.0000000e+003,  3.3185795e-005,
  2.2500000e+003,  3.3592613e-005,
  2.5000000e+003,  3.5174994e-005,
  2.7500000e+003,  3.5342061e-005,
  3.0000000e+003,  3.5582104e-005,
  3.2500000e+003,  3.5127407e-005,
  3.5000000e+003,  3.3638121e-005,
  3.7500000e+003,  3.2299312e-005,
  4.0000000e+003,  3.3797888e-005,
  4.2500000e+003,  1.8395345e-004,
  4.5000000e+003,  2.1557563e-003,
  4.7500000e+003,  7.4500828e-003,
  5.0000000e+003,  1.0943060e-002,
  5.2500000e+003,  7.4551266e-003,
  5.5000000e+003,  2.1499273e-003,
  5.7500000e+003,  1.6109755e-004,
  6.0000000e+003,  7.5175020e-005,
  6.2500000e+003,  5.6457590e-005,
  6.5000000e+003,  3.6213874e-005,
  6.7500000e+003,  3.4027443e-005,
  7.0000000e+003,  3.4351439e-005,
  7.2500000e+003,  3.4725504e-005,
  7.5000000e+003,  3.3343414e-005,
  7.7500000e+003,  3.3912469e-005,
  8.0000000e+003,  3.4514595e-005,
  8.2500000e+003,  3.2255612e-005,
  8.5000000e+003,  3.1013786e-005,
  8.7500000e+003,  3.3752164e-005,
  9.0000000e+003,  3.7006855e-005,
  9.2500000e+003,  3.6238395e-005,
  9.5000000e+003,  3.6361250e-005,
  9.7500000e+003,  4.6238078e-005,
  1.0000000e+004,  5.5061141e-005,
  1.0250000e+004,  4.3564228e-005,
  1.0500000e+004,  3.4655055e-005,
  1.0750000e+004,  3.4235375e-005,
  1.1000000e+004,  3.3230755e-005,
  1.1250000e+004,  3.4258556e-005,
  1.1500000e+004,  3.3569882e-005,
  1.1750000e+004,  3.3365991e-005,
  1.2000000e+004,  3.5032426e-005,
  1.2250000e+004,  3.6042686e-005,
  1.2500000e+004,  3.5678575e-005,
  1.2750000e+004,  3.4961359e-005,
  1.3000000e+004,  3.5969569e-005,
  1.3250000e+004,  3.5799536e-005,
  1.3500000e+004,  3.6435163e-005,
  1.3750000e+004,  3.5270366e-005,
  1.4000000e+004,  3.4467901e-005,
  1.4250000e+004,  2.0388823e-004,
  1.4500000e+004,  2.3780777e-003,
  1.4750000e+004,  8.2072837e-003,
  1.5000000e+004,  1.2063432e-002,
  1.5250000e+004,  8.2128402e-003,
  1.5500000e+004,  2.3780777e-003,
  1.5750000e+004,  2.0114659e-004,
  1.6000000e+004,  3.5294248e-005,
  1.6250000e+004,  3.3660898e-005,
  1.6500000e+004,  3.4142802e-005,
  1.6750000e+004,  3.4467901e-005,
  1.7000000e+004,  3.3592613e-005,
  1.7250000e+004,  3.2474692e-005,
  1.7500000e+004,  3.2939614e-005,
  1.7750000e+004,  3.6238395e-005,
  1.8000000e+004,  4.0002692e-005,
  1.8250000e+004,  3.7082080e-005,
  1.8500000e+004,  3.2717398e-005,
  1.8750000e+004,  3.1886566e-005,
  1.9000000e+004,  3.3073669e-005,
  1.9250000e+004,  3.2606855e-005,
  1.9500000e+004,  3.3547166e-005,
  1.9750000e+004,  4.7154707e-005,
  2.0000000e+004,  6.0166661e-005,
  2.0250000e+004,  4.7991947e-005,
  2.0500000e+004,  3.6164878e-005,
  2.0750000e+004,  3.7842806e-005,
  2.1000000e+004,  3.7157458e-005,
  2.1250000e+004,  3.1628607e-005,
  2.1500000e+004,  2.8000425e-005,
  2.1750000e+004,  3.0001986e-005,
  2.2000000e+004,  3.2606855e-005,
  2.2250000e+004,  3.2783907e-005,
  2.2500000e+004,  3.3208266e-005,
  2.2750000e+004,  3.4004417e-005,
  2.3000000e+004,  3.4914057e-005,
  2.3250000e+004,  3.4073540e-005,
  2.3500000e+004,  3.4258556e-005,
  2.3750000e+004,  3.6262933e-005,
  2.4000000e+004,  3.6189366e-005,
  2.4250000e+004,  2.4577011e-004,
  2.4500000e+004,  2.9632454e-003,
  2.4750000e+004,  1.0247624e-002,
  2.5000000e+004,  1.5062414e-002,
  2.5250000e+004,  1.0247624e-002,
  2.5500000e+004,  2.9652528e-003,
  2.5750000e+004,  2.5098188e-004,
  2.6000000e+004,  3.4514595e-005,
  2.6250000e+004,  3.4914057e-005,
  2.6500000e+004,  3.4772546e-005,
  2.6750000e+004,  3.4328195e-005,
  2.7000000e+004,  3.3073669e-005,
  2.7250000e+004,  3.2496681e-005,
  2.7500000e+004,  3.2872792e-005,
  2.7750000e+004,  3.1671454e-005,
  2.8000000e+004,  3.0638199e-005,
  2.8250000e+004,  3.1097872e-005,
  2.8500000e+004,  3.2016332e-005,
  2.8750000e+004,  3.4351439e-005,
  2.9000000e+004,  3.6682630e-005,
  2.9250000e+004,  3.4749017e-005,
  2.9500000e+004,  3.5198816e-005,
  2.9750000e+004,  5.0903096e-005,
  3.0000000e+004,  6.4076024e-005,
  3.0250000e+004,  4.8844063e-005,
  3.0500000e+004,  3.2606855e-005,
  3.0750000e+004,  3.1266731e-005,
  3.1000000e+004,  3.4119699e-005,
  3.1250000e+004,  3.5103638e-005,
  3.1500000e+004,  3.4655055e-005,
  3.1750000e+004,  3.4608172e-005,
  3.2000000e+004,  3.3958414e-005,
  3.2250000e+004,  3.2828320e-005,
  3.2500000e+004,  3.2255612e-005,
  3.2750000e+004,  3.2190178e-005,
  3.3000000e+004,  3.2124877e-005,
  3.3250000e+004,  3.2673136e-005,
  3.3500000e+004,  3.3638121e-005,
  3.3750000e+004,  3.4584754e-005,
  3.4000000e+004,  3.6018297e-005,
  3.4250000e+004,  3.7166145e-004,
  3.4500000e+004,  4.5391208e-003,
  3.4750000e+004,  1.5686751e-002,
  3.5000000e+004,  2.3041496e-002,
  3.5250000e+004,  1.5676144e-002,
  3.5500000e+004,  4.5360498e-003,
  3.5750000e+004,  3.7826053e-004,
  3.6000000e+004,  3.4608172e-005,
  3.6250000e+004,  3.1886566e-005,
  3.6500000e+004,  2.9678807e-005,
  3.6750000e+004,  3.3343414e-005,
  3.7000000e+004,  3.5606197e-005,
  3.7250000e+004,  3.6312058e-005,
  3.7500000e+004,  3.7006855e-005,
  3.7750000e+004,  3.8280792e-005,
  3.8000000e+004,  3.9358074e-005,
  3.8250000e+004,  3.4096611e-005,
  3.8500000e+004,  3.0617467e-005,
  3.8750000e+004,  3.3073669e-005,
  3.9000000e+004,  3.4796092e-005,
  3.9250000e+004,  3.2584791e-005,
  3.9500000e+004,  3.2211975e-005,
  3.9750000e+004,  4.6709947e-005,
  4.0000000e+004,  5.9841731e-005,
  4.0250000e+004,  4.7122804e-005,
  4.0500000e+004,  3.4631606e-005,
  4.0750000e+004,  3.1287902e-005,
  4.1000000e+004,  3.1800344e-005,
  4.1250000e+004,  3.2917325e-005,
  4.1500000e+004,  3.4073540e-005,
  4.1750000e+004,  3.5485893e-005,
  4.2000000e+004,  3.5823777e-005,
  4.2250000e+004,  3.3006575e-005,
  4.2500000e+004,  3.1671454e-005,
  4.2750000e+004,  3.2408813e-005,
  4.3000000e+004,  3.4073540e-005,
  4.3250000e+004,  3.4444578e-005,
  4.3500000e+004,  3.6067091e-005,
  4.3750000e+004,  3.6213874e-005,
  4.4000000e+004,  3.4444578e-005,
  4.4250000e+004,  1.0583572e-003,
  4.4500000e+004,  1.2795194e-002,
  4.4750000e+004,  4.4248877e-002,
  4.5000000e+004,  6.5038973e-002,
  4.5250000e+004,  4.4308811e-002,
  4.5500000e+004,  1.2821205e-002,
  4.5750000e+004,  1.0626645e-003,
  4.6000000e+004,  3.4537965e-005,
  4.6250000e+004,  3.4212209e-005,
  4.6500000e+004,  3.4374699e-005,
  4.6750000e+004,  3.3843674e-005,
  4.7000000e+004,  3.3456458e-005,
  4.7250000e+004,  3.2939614e-005,
  4.7500000e+004,  3.2321183e-005,
  4.7750000e+004,  3.3028925e-005,
  4.8000000e+004,  3.5151193e-005,
  4.8250000e+004,  3.5751104e-005,
  4.8500000e+004,  3.5945230e-005,
  4.8750000e+004,  3.5270366e-005,
  4.9000000e+004,  3.4819653e-005,
  4.9250000e+004,  8.1243729e-003,
  4.9500000e+004,  9.8487328e-002,
  4.9750000e+004,  3.4082373e-001,
  5.0000000e+004,  5.0095793e-001,
  5.0250000e+004,  3.4128537e-001,
  5.0500000e+004,  9.8821208e-002,
  5.0750000e+004,  8.1684868e-003,
  5.1000000e+004,  3.5198816e-005,
  5.1250000e+004,  3.2828320e-005,
  5.1500000e+004,  3.1055800e-005,
  5.1750000e+004,  3.2299312e-005,
  5.2000000e+004,  3.2961918e-005,
  5.2250000e+004,  3.1714359e-005,
  5.2500000e+004,  3.2168396e-005,
  5.2750000e+004,  3.3820773e-005,
  5.3000000e+004,  3.4073540e-005,
  5.3250000e+004,  3.3683690e-005,
  5.3500000e+004,  3.3706502e-005,
  5.3750000e+004,  3.3729325e-005,
  5.4000000e+004,  3.6757200e-005,
  5.4250000e+004,  1.0086956e-003,
  5.4500000e+004,  1.2194803e-002,
  5.4750000e+004,  4.2172577e-002,
  5.5000000e+004,  6.2029128e-002,
  5.5250000e+004,  4.2229699e-002,
  5.5500000e+004,  1.2227860e-002,
  5.5750000e+004,  1.0059682e-003,
  5.6000000e+004,  3.7056988e-005,
  5.6250000e+004,  4.0219908e-005,
  5.6500000e+004,  4.0002692e-005,
  5.6750000e+004,  3.9278227e-005,
  5.7000000e+004,  3.8306709e-005,
  5.7250000e+004,  3.6682630e-005,
  5.7500000e+004,  3.4631606e-005,
  5.7750000e+004,  3.3479112e-005,
  5.8000000e+004,  3.3547166e-005,
  5.8250000e+004,  3.4258556e-005,
  5.8500000e+004,  3.3615359e-005,
  5.8750000e+004,  3.2496681e-005,
  5.9000000e+004,  3.3524466e-005,
  5.9250000e+004,  3.4467901e-005,
  5.9500000e+004,  3.6336646e-005,
  5.9750000e+004,  4.6144284e-005,
  6.0000000e+004,  5.8085706e-005,
  6.0250000e+004,  4.9142535e-005,
  6.0500000e+004,  3.7384517e-005,
  6.0750000e+004,  3.6238395e-005,
  6.1000000e+004,  3.5775312e-005,
  6.1250000e+004,  3.3615359e-005,
  6.1500000e+004,  3.4328195e-005,
  6.1750000e+004,  4.0602862e-005,
  6.2000000e+004,  4.6868307e-005,
  6.2250000e+004,  4.1660810e-005,
  6.2500000e+004,  3.5969569e-005,
  6.2750000e+004,  3.4772546e-005,
  6.3000000e+004,  3.4491240e-005,
  6.3250000e+004,  3.3912469e-005,
  6.3500000e+004,  3.4725504e-005,
  6.3750000e+004,  3.5509922e-005,
  6.4000000e+004,  3.6115951e-005,
  6.4250000e+004,  3.2350630e-004,
  6.4500000e+004,  3.9031515e-003,
  6.4750000e+004,  1.3498042e-002,
  6.5000000e+004,  1.9840024e-002,
  6.5250000e+004,  1.3498042e-002,
  6.5500000e+004,  3.9084382e-003,
  6.5750000e+004,  3.3014302e-004,
  6.6000000e+004,  3.3615359e-005,
  6.6250000e+004,  3.3298305e-005,
  6.6500000e+004,  3.4725504e-005,
  6.6750000e+004,  3.6682630e-005,
  6.7000000e+004,  3.5103638e-005,
  6.7250000e+004,  3.0596749e-005,
  6.7500000e+004,  3.0658944e-005,
  6.7750000e+004,  3.4772546e-005,
  6.8000000e+004,  3.5872307e-005,
  6.8250000e+004,  3.4678525e-005,
  6.8500000e+004,  3.5342061e-005,
  6.8750000e+004,  3.5533966e-005,
  6.9000000e+004,  3.5558027e-005,
  6.9250000e+004,  3.5318147e-005,
  6.9500000e+004,  3.4235375e-005,
  6.9750000e+004,  4.6583647e-005,
  7.0000000e+004,  6.0248168e-005,
  7.0250000e+004,  4.8056961e-005,
  7.0500000e+004,  3.4937702e-005,
  7.0750000e+004,  3.2606855e-005,
  7.1000000e+004,  3.3547166e-005,
  7.1250000e+004,  3.3140899e-005,
  7.1500000e+004,  3.1886566e-005,
  7.1750000e+004,  3.2518689e-005,
  7.2000000e+004,  3.3388584e-005,
  7.2250000e+004,  3.3683690e-005,
  7.2500000e+004,  3.4096611e-005,
  7.2750000e+004,  3.2783907e-005,
  7.3000000e+004,  3.3935432e-005,
  7.3250000e+004,  3.4328195e-005,
  7.3500000e+004,  3.4725504e-005,
  7.3750000e+004,  3.5582104e-005,
  7.4000000e+004,  3.7663918e-005,
  7.4250000e+004,  1.9379567e-004,
  7.4500000e+004,  2.2803400e-003,
  7.4750000e+004,  7.8699689e-003,
  7.5000000e+004,  1.1559805e-002,
  7.5250000e+004,  7.8699689e-003,
  7.5500000e+004,  2.2741732e-003,
  7.5750000e+004,  1.9015718e-004,
  7.6000000e+004,  3.4119699e-005,
  7.6250000e+004,  3.7333941e-005,
  7.6500000e+004,  3.6189366e-005,
  7.6750000e+004,  3.5413902e-005,
  7.7000000e+004,  3.6608215e-005,
  7.7250000e+004,  3.5920904e-005,
  7.7500000e+004,  3.4985032e-005,
  7.7750000e+004,  3.5103638e-005,
  7.8000000e+004,  3.4189059e-005,
  7.8250000e+004,  3.4212209e-005,
  7.8500000e+004,  3.3501781e-005,
  7.8750000e+004,  3.4725504e-005,
  7.9000000e+004,  3.7511258e-005,
  7.9250000e+004,  3.6336646e-005,
  7.9500000e+004,  3.6238395e-005,
  7.9750000e+004,  4.9744952e-005,
  8.0000000e+004,  6.2195746e-005,
  8.0250000e+004,  5.0082825e-005,
  8.0500000e+004,  3.5342061e-005,
  8.0750000e+004,  3.3118474e-005,
  8.1000000e+004,  3.4702006e-005,
  8.1250000e+004,  3.5630307e-005,
  8.1500000e+004,  3.4514595e-005,
  8.1750000e+004,  3.5872307e-005,
  8.2000000e+004,  3.8462602e-005,
  8.2250000e+004,  3.7409831e-005,
  8.2500000e+004,  3.5174994e-005,
  8.2750000e+004,  3.3275773e-005,
  8.3000000e+004,  3.5413902e-005,
  8.3250000e+004,  3.6361250e-005,
  8.3500000e+004,  3.5246500e-005,
  8.3750000e+004,  3.5198816e-005,
  8.4000000e+004,  3.5485893e-005,
  8.4250000e+004,  1.3175847e-004,
  8.4500000e+004,  1.5864601e-003,
  8.4750000e+004,  5.5012375e-003,
  8.5000000e+004,  8.0859678e-003,
  8.5250000e+004,  5.5049643e-003,
  8.5500000e+004,  1.5939951e-003,
  8.5750000e+004,  1.3965624e-004,
  8.6000000e+004,  3.3411192e-005,
  8.6250000e+004,  3.4281754e-005,
  8.6500000e+004,  3.4073540e-005,
  8.6750000e+004,  3.2584791e-005,
  8.7000000e+004,  3.4027443e-005,
  8.7250000e+004,  3.5945230e-005,
  8.7500000e+004,  3.6533951e-005,
  8.7750000e+004,  3.6707469e-005,
  8.8000000e+004,  3.7817199e-005,
  8.8250000e+004,  3.8410567e-005,
  8.8500000e+004,  3.6707469e-005,
  8.8750000e+004,  3.3547166e-005,
  8.9000000e+004,  3.1973018e-005,
  8.9250000e+004,  3.0804562e-005,
  8.9500000e+004,  3.3185795e-005,
  8.9750000e+004,  4.9009648e-005,
  9.0000000e+004,  6.2915582e-005,
  9.0250000e+004,  4.9142535e-005,
  9.0500000e+004,  3.6459834e-005,
  9.0750000e+004,  3.6262933e-005,
  9.1000000e+004,  3.6583444e-005,
  9.1250000e+004,  3.6435163e-005,
  9.1500000e+004,  3.4608172e-005,
  9.1750000e+004,  3.4561352e-005,
  9.2000000e+004,  3.3547166e-005,
  9.2250000e+004,  3.2146629e-005,
  9.2500000e+004,  3.3547166e-005,
  9.2750000e+004,  3.5533966e-005,
  9.3000000e+004,  3.4631606e-005,
  9.3250000e+004,  3.4050483e-005,
  9.3500000e+004,  3.3889522e-005,
  9.3750000e+004,  3.7182618e-005,
  9.4000000e+004,  4.2057493e-005,
  9.4250000e+004,  1.1453170e-004,
  9.4500000e+004,  1.2175452e-003,
  9.4750000e+004,  4.2077169e-003,
  9.5000000e+004,  6.1888799e-003,
  9.5250000e+004,  4.2077169e-003,
  9.5500000e+004,  1.2158977e-003,
  9.5750000e+004,  1.0460035e-004,
  9.6000000e+004,  3.5032426e-005,
  9.6250000e+004,  3.3479112e-005,
  9.6500000e+004,  3.4843230e-005,
  9.6750000e+004,  3.7082080e-005,
  9.7000000e+004,  3.8022540e-005,
  9.7250000e+004,  3.4561352e-005,
  9.7500000e+004,  3.2961918e-005,
  9.7750000e+004,  3.4608172e-005,
  9.8000000e+004,  3.6164878e-005,
  9.8250000e+004,  3.6410509e-005,
  9.8500000e+004,  3.5079885e-005,
  9.8750000e+004,  3.4467901e-005,
  9.9000000e+004,  3.5318147e-005,
  9.9250000e+004,  3.4702006e-005,
  9.9500000e+004,  3.8254885e-005,
  9.9750000e+004,  6.6102574e-005,
