  0.0000000e+000,  1.3343604e-002,
  2.5000000e+002,  9.0843871e-003,
  5.0000000e+002,  2.6322203e-003,
  7.5000000e+002,  2.2583033e-004,
  1.0000000e+003,  4.9543331e-005,
  1.2500000e+003,  4.0989472e-005,
  1.5000000e+003,  3.3981408e-005,
  1.7500000e+003,  3.5872307e-005,
  2.0000000e+003,  3.6608215e-005,
  2.2500000e+003,  3.4631606e-005,
  2.5000000e+003,  3.5726913e-005,
  2.7500000e+003,  3.6806995e-005,
  3.0000000e+003,  3.5509922e-005,
  3.2500000e+003,  3.2984241e-005,
  3.5000000e+003,  3.3843674e-005,
  3.7500000e+003,  3.6189366e-005,
  4.0000000e+003,  3.7919730e-005,
  4.2500000e+003,  3.8074049e-005,
  4.5000000e+003,  2.4262949e-004,
  4.7500000e+003,  8.4305669e-004,
  5.0000000e+003,  1.2400018e-003,
  5.2500000e+003,  8.4534279e-004,
  5.5000000e+003,  2.4777466e-004,
  5.7500000e+003,  4.1072798e-005,
  6.0000000e+003,  3.6509230e-005,
  6.2500000e+003,  3.5151193e-005,
  6.5000000e+003,  3.5222650e-005,
  6.7500000e+003,  3.6856858e-005,
  7.0000000e+003,  3.5270366e-005,
  7.2500000e+003,  3.3981408e-005,
  7.5000000e+003,  3.4655055e-005,
  7.7500000e+003,  3.6213874e-005,
  8.0000000e+003,  3.8566892e-005,
  8.2500000e+003,  3.7207795e-005,
  8.5000000e+003,  3.6484526e-005,
  8.7500000e+003,  3.7740479e-005,
  9.0000000e+003,  3.7919730e-005,
  9.2500000e+003,  3.6881814e-005,
  9.5000000e+003,  3.5872307e-005,
  9.7500000e+003,  4.0823338e-005,
  1.0000000e+004,  4.4942046e-005,
  1.0250000e+004,  3.7612964e-005,
  1.0500000e+004,  3.3935432e-005,
  1.0750000e+004,  4.4367745e-005,
  1.1000000e+004,  5.3844835e-005,
  1.1250000e+004,  4.3358294e-005,
  1.1500000e+004,  3.5582104e-005,
  1.1750000e+004,  3.7409831e-005,
  1.2000000e+004,  3.8410567e-005,
  1.2250000e+004,  3.5969569e-005,
  1.2500000e+004,  3.5342061e-005,
  1.2750000e+004,  3.5582104e-005,
  1.3000000e+004,  3.5582104e-005,
  1.3250000e+004,  3.5389939e-005,
  1.3500000e+004,  3.4608172e-005,
  1.3750000e+004,  3.4608172e-005,
  1.4000000e+004,  3.5437886e-005,
  1.4250000e+004,  3.5222650e-005,
  1.4500000e+004,  3.5365992e-005,
  1.4750000e+004,  4.3771140e-005,
  1.5000000e+004,  5.1492234e-005,
  1.5250000e+004,  4.2804231e-005,
  1.5500000e+004,  3.6608215e-005,
  1.5750000e+004,  3.6558689e-005,
  1.6000000e+004,  3.6189366e-005,
  1.6250000e+004,  3.5389939e-005,
  1.6500000e+004,  3.5008721e-005,
  1.6750000e+004,  3.3388584e-005,
  1.7000000e+004,  3.3298305e-005,
  1.7250000e+004,  3.6262933e-005,
  1.7500000e+004,  3.5920904e-005,
  1.7750000e+004,  3.4772546e-005,
  1.8000000e+004,  3.4096611e-005,
  1.8250000e+004,  3.1800344e-005,
  1.8500000e+004,  3.3051289e-005,
  1.8750000e+004,  3.5775312e-005,
  1.9000000e+004,  3.7996811e-005,
  1.9250000e+004,  3.8306709e-005,
  1.9500000e+004,  3.8306709e-005,
  1.9750000e+004,  4.0165487e-005,
  2.0000000e+004,  4.0056883e-005,
  2.0250000e+004,  3.6262933e-005,
  2.0500000e+004,  3.4819653e-005,
  2.0750000e+004,  3.4514595e-005,
  2.1000000e+004,  3.4866823e-005,
  2.1250000e+004,  3.4281754e-005,
  2.1500000e+004,  3.1182189e-005,
  2.1750000e+004,  3.2452717e-005,
  2.2000000e+004,  3.6140406e-005,
  2.2250000e+004,  3.7082080e-005,
  2.2500000e+004,  3.5318147e-005,
  2.2750000e+004,  3.3320852e-005,
  2.3000000e+004,  3.5993925e-005,
  2.3250000e+004,  3.7766033e-005,
  2.3500000e+004,  3.6164878e-005,
  2.3750000e+004,  3.5630307e-005,
  2.4000000e+004,  3.7791606e-005,
  2.4250000e+004,  3.8048286e-005,
  2.4500000e+004,  3.7031913e-005,
  2.4750000e+004,  4.8514547e-005,
  2.5000000e+004,  5.9841731e-005,
  2.5250000e+004,  4.7862181e-005,
  2.5500000e+004,  3.7182618e-005,
  2.5750000e+004,  3.6881814e-005,
  2.6000000e+004,  3.6633004e-005,
  2.6250000e+004,  3.4444578e-005,
  2.6500000e+004,  3.4004417e-005,
  2.6750000e+004,  3.2233786e-005,
  2.7000000e+004,  3.3028925e-005,
  2.7250000e+004,  3.5127407e-005,
  2.7500000e+004,  3.4304966e-005,
  2.7750000e+004,  3.4749017e-005,
  2.8000000e+004,  3.5606197e-005,
  2.8250000e+004,  3.4749017e-005,
  2.8500000e+004,  3.4027443e-005,
  2.8750000e+004,  3.3479112e-005,
  2.9000000e+004,  3.4119699e-005,
  2.9250000e+004,  3.3479112e-005,
  2.9500000e+004,  3.4702006e-005,
  2.9750000e+004,  3.9921546e-005,
  3.0000000e+004,  4.3475848e-005,
  3.0250000e+004,  3.8540791e-005,
  3.0500000e+004,  3.5823777e-005,
  3.0750000e+004,  3.6042686e-005,
  3.1000000e+004,  3.7031913e-005,
  3.1250000e+004,  3.5461881e-005,
  3.1500000e+004,  3.2233786e-005,
  3.1750000e+004,  3.3096064e-005,
  3.2000000e+004,  3.5823777e-005,
  3.2250000e+004,  3.7435162e-005,
  3.2500000e+004,  3.7006855e-005,
  3.2750000e+004,  3.6856858e-005,
  3.3000000e+004,  3.7107189e-005,
  3.3250000e+004,  3.5872307e-005,
  3.3500000e+004,  3.4655055e-005,
  3.3750000e+004,  3.5198816e-005,
  3.4000000e+004,  3.6657809e-005,
  3.4250000e+004,  3.6435163e-005,
  3.4500000e+004,  3.9251653e-005,
  3.4750000e+004,  6.1943660e-005,
  3.5000000e+004,  8.2312562e-005,
  3.5250000e+004,  6.0125955e-005,
  3.5500000e+004,  3.6782089e-005,
  3.5750000e+004,  3.5246500e-005,
  3.6000000e+004,  3.3820773e-005,
  3.6250000e+004,  3.2562742e-005,
  3.6500000e+004,  3.4189059e-005,
  3.6750000e+004,  3.6757200e-005,
  3.7000000e+004,  3.5198816e-005,
  3.7250000e+004,  3.4096611e-005,
  3.7500000e+004,  3.4027443e-005,
  3.7750000e+004,  3.3981408e-005,
  3.8000000e+004,  3.4702006e-005,
  3.8250000e+004,  3.5294248e-005,
  3.8500000e+004,  3.5775312e-005,
  3.8750000e+004,  3.7996811e-005,
  3.9000000e+004,  3.9705941e-005,
  3.9250000e+004,  3.7333941e-005,
  3.9500000e+004,  3.4258556e-005,
  3.9750000e+004,  3.5920904e-005,
  4.0000000e+004,  3.7894072e-005,
  4.0250000e+004,  3.6262933e-005,
  4.0500000e+004,  3.6633004e-005,
  4.0750000e+004,  3.6633004e-005,
  4.1000000e+004,  3.6782089e-005,
  4.1250000e+004,  3.5389939e-005,
  4.1500000e+004,  3.4235375e-005,
  4.1750000e+004,  3.3866590e-005,
  4.2000000e+004,  3.3958414e-005,
  4.2250000e+004,  3.5294248e-005,
  4.2500000e+004,  3.6757200e-005,
  4.2750000e+004,  3.7612964e-005,
  4.3000000e+004,  3.5945230e-005,
  4.3250000e+004,  3.3253257e-005,
  4.3500000e+004,  3.5678575e-005,
  4.3750000e+004,  4.2775263e-005,
  4.4000000e+004,  4.2228651e-005,
  4.4250000e+004,  2.0201246e-003,
  4.4500000e+004,  2.4555249e-002,
  4.4750000e+004,  8.4917991e-002,
  4.5000000e+004,  1.2481636e-001,
  4.5250000e+004,  8.5033085e-002,
  4.5500000e+004,  2.4605166e-002,
  4.5750000e+004,  2.0379790e-003,
  4.6000000e+004,  3.3275773e-005,
  4.6250000e+004,  3.6091513e-005,
  4.6500000e+004,  3.4796092e-005,
  4.6750000e+004,  3.4004417e-005,
  4.7000000e+004,  3.5606197e-005,
  4.7250000e+004,  3.4004417e-005,
  4.7500000e+004,  3.3253257e-005,
  4.7750000e+004,  3.4796092e-005,
  4.8000000e+004,  3.4749017e-005,
  4.8250000e+004,  3.2540708e-005,
  4.8500000e+004,  3.3752164e-005,
  4.8750000e+004,  3.6385871e-005,
  4.9000000e+004,  3.6238395e-005,
  4.9250000e+004,  5.1041106e-005,
  4.9500000e+004,  4.8558747e-004,
  4.9750000e+004,  1.6792796e-003,
  5.0000000e+004,  2.4666102e-003,
  5.0250000e+004,  1.6781435e-003,
  5.0500000e+004,  4.8394685e-004,
  5.0750000e+004,  5.0662470e-005,
  5.1000000e+004,  3.5751104e-005,
  5.1250000e+004,  3.5630307e-005,
  5.1500000e+004,  3.6707469e-005,
  5.1750000e+004,  3.9145521e-005,
  5.2000000e+004,  3.8229004e-005,
  5.2250000e+004,  3.5678575e-005,
  5.2500000e+004,  3.7308678e-005,
  5.2750000e+004,  3.7971100e-005,
  5.3000000e+004,  3.4631606e-005,
  5.3250000e+004,  3.3752164e-005,
  5.3500000e+004,  3.5389939e-005,
  5.3750000e+004,  3.6782089e-005,
  5.4000000e+004,  3.7511258e-005,
  5.4250000e+004,  2.0283452e-003,
  5.4500000e+004,  2.4538626e-002,
  5.4750000e+004,  8.4917991e-002,
  5.5000000e+004,  1.2481636e-001,
  5.5250000e+004,  8.5033085e-002,
  5.5500000e+004,  2.4621835e-002,
  5.5750000e+004,  2.0269730e-003,
  5.6000000e+004,  3.9172023e-005,
  5.6250000e+004,  4.0575393e-005,
  5.6500000e+004,  3.9092562e-005,
  5.6750000e+004,  3.7919730e-005,
  5.7000000e+004,  3.7283433e-005,
  5.7250000e+004,  3.7536661e-005,
  5.7500000e+004,  3.7996811e-005,
  5.7750000e+004,  3.5920904e-005,
  5.8000000e+004,  3.4027443e-005,
  5.8250000e+004,  3.3298305e-005,
  5.8500000e+004,  3.4725504e-005,
  5.8750000e+004,  3.6757200e-005,
  5.9000000e+004,  3.7107189e-005,
  5.9250000e+004,  3.6042686e-005,
  5.9500000e+004,  3.5294248e-005,
  5.9750000e+004,  3.5582104e-005,
  6.0000000e+004,  3.7894072e-005,
  6.0250000e+004,  3.8203131e-005,
  6.0500000e+004,  3.5365992e-005,
  6.0750000e+004,  3.4608172e-005,
  6.1000000e+004,  3.7182618e-005,
  6.1250000e+004,  3.9225089e-005,
  6.1500000e+004,  3.8723844e-005,
  6.1750000e+004,  3.6067091e-005,
  6.2000000e+004,  3.4702006e-005,
  6.2250000e+004,  3.5198816e-005,
  6.2500000e+004,  3.6558689e-005,
  6.2750000e+004,  3.6484526e-005,
  6.3000000e+004,  3.7082080e-005,
  6.3250000e+004,  3.6608215e-005,
  6.3500000e+004,  3.4749017e-005,
  6.3750000e+004,  3.4328195e-005,
  6.4000000e+004,  3.5318147e-005,
  6.4250000e+004,  3.6410509e-005,
  6.4500000e+004,  3.7996811e-005,
  6.4750000e+004,  4.9309132e-005,
  6.5000000e+004,  6.2448858e-005,
  6.5250000e+004,  5.2371032e-005,
  6.5500000e+004,  3.9172023e-005,
  6.5750000e+004,  3.5056147e-005,
  6.6000000e+004,  3.4374699e-005,
  6.6250000e+004,  3.3298305e-005,
  6.6500000e+004,  3.2850549e-005,
  6.6750000e+004,  3.6435163e-005,
  6.7000000e+004,  3.9518246e-005,
  6.7250000e+004,  3.5630307e-005,
  6.7500000e+004,  3.3935432e-005,
  6.7750000e+004,  3.6361250e-005,
  6.8000000e+004,  3.7333941e-005,
  6.8250000e+004,  3.5678575e-005,
  6.8500000e+004,  3.5993925e-005,
  6.8750000e+004,  3.7107189e-005,
  6.9000000e+004,  3.8074049e-005,
  6.9250000e+004,  3.6956785e-005,
  6.9500000e+004,  3.5032426e-005,
  6.9750000e+004,  3.3524466e-005,
  7.0000000e+004,  3.4467901e-005,
  7.0250000e+004,  3.6806995e-005,
  7.0500000e+004,  3.7333941e-005,
  7.0750000e+004,  3.7817199e-005,
  7.1000000e+004,  3.8986851e-005,
  7.1250000e+004,  3.7511258e-005,
  7.1500000e+004,  3.5437886e-005,
  7.1750000e+004,  3.3096064e-005,
  7.2000000e+004,  3.1714359e-005,
  7.2250000e+004,  3.2717398e-005,
  7.2500000e+004,  3.5485893e-005,
  7.2750000e+004,  3.5582104e-005,
  7.3000000e+004,  3.5678575e-005,
  7.3250000e+004,  3.6189366e-005,
  7.3500000e+004,  3.6906788e-005,
  7.3750000e+004,  3.6956785e-005,
  7.4000000e+004,  3.5558027e-005,
  7.4250000e+004,  3.5582104e-005,
  7.4500000e+004,  3.7842806e-005,
  7.4750000e+004,  4.0657867e-005,
  7.5000000e+004,  4.4518165e-005,
  7.5250000e+004,  4.0465672e-005,
  7.5500000e+004,  3.5799536e-005,
  7.5750000e+004,  3.7082080e-005,
  7.6000000e+004,  3.8723844e-005,
  7.6250000e+004,  3.6881814e-005,
  7.6500000e+004,  3.6164878e-005,
  7.6750000e+004,  3.6361250e-005,
  7.7000000e+004,  3.4514595e-005,
  7.7250000e+004,  3.2895051e-005,
  7.7500000e+004,  3.3889522e-005,
  7.7750000e+004,  3.5969569e-005,
  7.8000000e+004,  3.5222650e-005,
  7.8250000e+004,  3.3524466e-005,
  7.8500000e+004,  3.3433816e-005,
  7.8750000e+004,  3.4702006e-005,
  7.9000000e+004,  3.6018297e-005,
  7.9250000e+004,  3.4796092e-005,
  7.9500000e+004,  3.4212209e-005,
  7.9750000e+004,  3.6140406e-005,
  8.0000000e+004,  3.7207795e-005,
  8.0250000e+004,  3.6287487e-005,
  8.0500000e+004,  3.6336646e-005,
  8.0750000e+004,  3.8750060e-005,
  8.1000000e+004,  3.7714941e-005,
  8.1250000e+004,  3.4631606e-005,
  8.1500000e+004,  3.2761724e-005,
  8.1750000e+004,  3.3051289e-005,
  8.2000000e+004,  3.6238395e-005,
  8.2250000e+004,  3.5654433e-005,
  8.2500000e+004,  3.3866590e-005,
  8.2750000e+004,  3.4537965e-005,
  8.3000000e+004,  3.4655055e-005,
  8.3250000e+004,  3.3140899e-005,
  8.3500000e+004,  3.3889522e-005,
  8.3750000e+004,  3.5872307e-005,
  8.4000000e+004,  3.4421267e-005,
  8.4250000e+004,  3.1973018e-005,
  8.4500000e+004,  3.3775018e-005,
  8.4750000e+004,  3.8514716e-005,
  8.5000000e+004,  4.0328953e-005,
  8.5250000e+004,  3.7409831e-005,
  8.5500000e+004,  3.5079885e-005,
  8.5750000e+004,  3.2961918e-005,
  8.6000000e+004,  3.2984241e-005,
  8.6250000e+004,  3.3343414e-005,
  8.6500000e+004,  3.3096064e-005,
  8.6750000e+004,  3.3411192e-005,
  8.7000000e+004,  3.5151193e-005,
  8.7250000e+004,  3.4749017e-005,
  8.7500000e+004,  3.5127407e-005,
  8.7750000e+004,  3.5413902e-005,
  8.8000000e+004,  3.4351439e-005,
  8.8250000e+004,  3.6091513e-005,
  8.8500000e+004,  3.7409831e-005,
  8.8750000e+004,  3.9948573e-005,
  8.9000000e+004,  4.2573067e-005,
  8.9250000e+004,  3.8410567e-005,
  8.9500000e+004,  3.6164878e-005,
  8.9750000e+004,  3.6067091e-005,
  9.0000000e+004,  3.8566892e-005,
  9.0250000e+004,  3.8436580e-005,
  9.0500000e+004,  3.8151448e-005,
  9.0750000e+004,  3.9384728e-005,
  9.1000000e+004,  4.1156283e-005,
  9.1250000e+004,  3.8855129e-005,
  9.1500000e+004,  3.5103638e-005,
  9.1750000e+004,  3.5509922e-005,
  9.2000000e+004,  3.5461881e-005,
  9.2250000e+004,  3.5678575e-005,
  9.2500000e+004,  3.5920904e-005,
  9.2750000e+004,  3.4843230e-005,
  9.3000000e+004,  3.4142802e-005,
  9.3250000e+004,  3.4142802e-005,
  9.3500000e+004,  3.4258556e-005,
  9.3750000e+004,  3.2984241e-005,
  9.4000000e+004,  3.3683690e-005,
  9.4250000e+004,  3.3683690e-005,
  9.4500000e+004,  3.5365992e-005,
  9.4750000e+004,  4.0192688e-005,
  9.5000000e+004,  4.0823338e-005,
  9.5250000e+004,  3.8723844e-005,
  9.5500000e+004,  3.7791606e-005,
  9.5750000e+004,  3.6189366e-005,
  9.6000000e+004,  3.7232989e-005,
  9.6250000e+004,  3.8881434e-005,
  9.6500000e+004,  3.7031913e-005,
  9.6750000e+004,  3.5945230e-005,
  9.7000000e+004,  3.7511258e-005,
  9.7250000e+004,  3.6757200e-005,
  9.7500000e+004,  3.4819653e-005,
  9.7750000e+004,  3.4914057e-005,
  9.8000000e+004,  3.5945230e-005,
  9.8250000e+004,  3.5413902e-005,
  9.8500000e+004,  3.5008721e-005,
  9.8750000e+004,  3.6881814e-005,
  9.9000000e+004,  3.9039675e-005,
  9.9250000e+004,  3.6484526e-005,
  9.9500000e+004,  3.5222650e-005,
  9.9750000e+004,  3.5582104e-005,
