  0.0000000e+000,  1.2394530e-002,
  2.5000000e+002,  8.4382496e-003,
  5.0000000e+002,  2.4566133e-003,
  7.5000000e+002,  2.7649082e-004,
  1.0000000e+003,  2.0251275e-004,
  1.2500000e+003,  1.3909017e-004,
  1.5000000e+003,  4.0520499e-005,
  1.7500000e+003,  1.0326370e-004,
  2.0000000e+003,  1.5198724e-004,
  2.2500000e+003,  1.0616970e-004,
  2.5000000e+003,  4.8154654e-005,
  2.7500000e+003,  6.4993358e-005,
  3.0000000e+003,  9.2163707e-005,
  3.2500000e+003,  6.5567818e-005,
  3.5000000e+003,  2.6614391e-005,
  3.7500000e+003,  5.5773870e-005,
  4.0000000e+003,  8.0548782e-005,
  4.2500000e+003,  5.7265856e-005,
  4.5000000e+003,  3.0042633e-005,
  4.7500000e+003,  3.3140899e-005,
  5.0000000e+003,  4.1379764e-005,
  5.2500000e+003,  3.0349225e-005,
  5.5000000e+003,  1.9974288e-005,
  5.7500000e+003,  2.8286175e-005,
  6.0000000e+003,  3.5294248e-005,
  6.2500000e+003,  2.7661331e-005,
  6.5000000e+003,  2.1315369e-005,
  6.7500000e+003,  2.4838829e-005,
  7.0000000e+003,  2.8114376e-005,
  7.2500000e+003,  2.2900986e-005,
  7.5000000e+003,  2.0397856e-005,
  7.7500000e+003,  2.3402452e-005,
  8.0000000e+003,  2.7792711e-005,
  8.2500000e+003,  2.3134695e-005,
  8.5000000e+003,  1.9785892e-005,
  8.7500000e+003,  2.0745976e-005,
  9.0000000e+003,  2.1214609e-005,
  9.2500000e+003,  2.0205465e-005,
  9.5000000e+003,  2.0301433e-005,
  9.7500000e+003,  3.5413902e-005,
  1.0000000e+004,  4.8514547e-005,
  1.0250000e+004,  3.6583444e-005,
  1.0500000e+004,  2.2425439e-005,
  1.0750000e+004,  1.9270397e-005,
  1.1000000e+004,  1.8934214e-005,
  1.1250000e+004,  1.8921402e-005,
  1.1500000e+004,  2.4788440e-005,
  1.1750000e+004,  6.0166661e-005,
  1.2000000e+004,  8.6892863e-005,
  1.2250000e+004,  6.0493355e-005,
  1.2500000e+004,  2.5868402e-005,
  1.2750000e+004,  2.1693828e-005,
  1.3000000e+004,  2.2395101e-005,
  1.3250000e+004,  2.0536398e-005,
  1.3500000e+004,  2.6238746e-005,
  1.3750000e+004,  7.3018464e-005,
  1.4000000e+004,  1.0703562e-004,
  1.4250000e+004,  7.5276859e-005,
  1.4500000e+004,  3.4096611e-005,
  1.4750000e+004,  2.6777025e-005,
  1.5000000e+004,  2.0647907e-005,
  1.5250000e+004,  3.3592613e-005,
  1.5500000e+004,  1.2430733e-004,
  1.5750000e+004,  3.6940420e-004,
  1.6000000e+004,  5.3494115e-004,
  1.6250000e+004,  3.6517766e-004,
  1.6500000e+004,  1.1042087e-004,
  1.6750000e+004,  2.8905562e-005,
  1.7000000e+004,  2.4956803e-005,
  1.7250000e+004,  2.3103397e-005,
  1.7500000e+004,  1.1562225e-004,
  1.7750000e+004,  3.9903859e-004,
  1.8000000e+004,  5.8771730e-004,
  1.8250000e+004,  4.0012048e-004,
  1.8500000e+004,  1.0768969e-004,
  1.8750000e+004,  3.2211975e-005,
  1.9000000e+004,  5.3626595e-005,
  1.9250000e+004,  3.5775312e-005,
  1.9500000e+004,  7.4837157e-004,
  1.9750000e+004,  2.6180038e-003,
  2.0000000e+004,  3.8506657e-003,
  2.0250000e+004,  2.6251018e-003,
  2.0500000e+004,  7.9915847e-004,
  2.0750000e+004,  2.0306181e-004,
  2.1000000e+004,  2.0708733e-004,
  2.1250000e+004,  1.2246988e-004,
  2.1500000e+004,  2.7730536e-003,
  2.1750000e+004,  9.7140267e-003,
  2.2000000e+004,  1.4297449e-002,
  2.2250000e+004,  9.7403594e-003,
  2.2500000e+004,  2.8958265e-003,
  2.2750000e+004,  5.1994688e-004,
  2.3000000e+004,  4.3663007e-004,
  2.3250000e+004,  2.1581719e-004,
  2.3500000e+004,  4.6763458e-003,
  2.3750000e+004,  1.6414566e-002,
  2.4000000e+004,  2.4143207e-002,
  2.4250000e+004,  1.6459077e-002,
  2.4500000e+004,  4.8635924e-003,
  2.4750000e+004,  7.6424145e-004,
  2.5000000e+004,  5.7085725e-004,
  2.5250000e+004,  2.2613626e-004,
  2.5500000e+004,  4.6510912e-003,
  2.5750000e+004,  1.6392363e-002,
  2.6000000e+004,  2.4110549e-002,
  2.6250000e+004,  1.6425686e-002,
  2.6500000e+004,  4.8438786e-003,
  2.6750000e+004,  7.1325556e-004,
  2.7000000e+004,  4.9021111e-004,
  2.7250000e+004,  1.7952500e-004,
  2.7500000e+004,  2.7173080e-003,
  2.7750000e+004,  9.6746525e-003,
  2.8000000e+004,  1.4239497e-002,
  2.8250000e+004,  9.7008785e-003,
  2.8500000e+004,  2.8568875e-003,
  2.8750000e+004,  4.0694918e-004,
  2.9000000e+004,  2.6138507e-004,
  2.9250000e+004,  1.2338518e-004,
  2.9500000e+004,  7.0223715e-004,
  2.9750000e+004,  2.5968247e-003,
  3.0000000e+004,  3.8246897e-003,
  3.0250000e+004,  2.6056281e-003,
  3.0500000e+004,  7.6839115e-004,
  3.0750000e+004,  1.1132143e-004,
  3.1000000e+004,  7.8822779e-005,
  3.1250000e+004,  8.0876584e-005,
  3.1500000e+004,  1.3956173e-004,
  3.1750000e+004,  4.1529756e-004,
  3.2000000e+004,  6.0959719e-004,
  3.2250000e+004,  4.1529756e-004,
  3.2500000e+004,  1.2255279e-004,
  3.2750000e+004,  2.5092314e-005,
  3.3000000e+004,  2.4771667e-005,
  3.3250000e+004,  2.2349667e-005,
  3.3500000e+004,  1.0616970e-004,
  3.3750000e+004,  3.6840537e-004,
  3.4000000e+004,  5.4149888e-004,
  3.4250000e+004,  3.6865478e-004,
  3.4500000e+004,  1.0989889e-004,
  3.4750000e+004,  2.4372485e-005,
  3.5000000e+004,  2.1737925e-005,
  3.5250000e+004,  2.1752647e-005,
  3.5500000e+004,  3.1182189e-005,
  3.5750000e+004,  7.9197155e-005,
  3.6000000e+004,  1.1530961e-004,
  3.6250000e+004,  8.0767169e-005,
  3.6500000e+004,  3.1330288e-005,
  3.6750000e+004,  2.0943511e-005,
  3.7000000e+004,  2.1474674e-005,
  3.7250000e+004,  2.0384054e-005,
  3.7500000e+004,  2.7234015e-005,
  3.7750000e+004,  7.1987846e-005,
  3.8000000e+004,  1.0298448e-004,
  3.8250000e+004,  7.1116049e-005,
  3.8500000e+004,  2.7755111e-005,
  3.8750000e+004,  2.0384054e-005,
  3.9000000e+004,  2.0886882e-005,
  3.9250000e+004,  1.9335727e-005,
  3.9500000e+004,  2.0986086e-005,
  3.9750000e+004,  3.1224431e-005,
  4.0000000e+004,  4.1520044e-005,
  4.0250000e+004,  3.2059708e-005,
  4.0500000e+004,  2.0578143e-005,
  4.0750000e+004,  2.2440624e-005,
  4.1000000e+004,  2.7456132e-005,
  4.1250000e+004,  2.3497691e-005,
  4.1500000e+004,  1.8998407e-005,
  4.1750000e+004,  2.7197171e-005,
  4.2000000e+004,  3.6657809e-005,
  4.2250000e+004,  2.9618600e-005,
  4.2500000e+004,  2.2349667e-005,
  4.2750000e+004,  2.4323042e-005,
  4.3000000e+004,  2.8768924e-005,
  4.3250000e+004,  2.5160348e-005,
  4.3500000e+004,  2.0453159e-005,
  4.3750000e+004,  2.6026477e-005,
  4.4000000e+004,  3.2717398e-005,
  4.4250000e+004,  2.5348389e-005,
  4.4500000e+004,  2.6777025e-005,
  4.4750000e+004,  7.5429886e-005,
  4.5000000e+004,  1.0747121e-004,
  4.5250000e+004,  7.3813571e-005,
  4.5500000e+004,  2.9498550e-005,
  4.5750000e+004,  2.1445622e-005,
  4.6000000e+004,  2.2577752e-005,
  4.6250000e+004,  1.9401281e-005,
  4.6500000e+004,  5.9518543e-005,
  4.6750000e+004,  1.9992490e-004,
  4.7000000e+004,  2.9227156e-004,
  4.7250000e+004,  1.9830751e-004,
  4.7500000e+004,  5.5585419e-005,
  4.7750000e+004,  2.9799588e-005,
  4.8000000e+004,  4.1604448e-005,
  4.8250000e+004,  3.8280792e-005,
  4.8500000e+004,  1.0166845e-004,
  4.8750000e+004,  3.2002154e-004,
  4.9000000e+004,  4.6911028e-004,
  4.9250000e+004,  3.1937231e-004,
  4.9500000e+004,  8.3717358e-005,
  4.9750000e+004,  4.6050670e-005,
  5.0000000e+004,  7.4667885e-005,
  5.0250000e+004,  5.8797766e-005,
  5.0500000e+004,  1.1079523e-004,
  5.0750000e+004,  3.3486939e-004,
  5.1000000e+004,  4.9120763e-004,
  5.1250000e+004,  3.3600477e-004,
  5.1500000e+004,  9.5142984e-005,
  5.1750000e+004,  2.6704619e-005,
  5.2000000e+004,  4.0138313e-005,
  5.2250000e+004,  3.4189059e-005,
  5.2500000e+004,  7.3713711e-005,
  5.2750000e+004,  2.2921852e-004,
  5.3000000e+004,  3.3577730e-004,
  5.3250000e+004,  2.2875355e-004,
  5.3500000e+004,  7.2036598e-005,
  5.3750000e+004,  2.8827404e-005,
  5.4000000e+004,  3.3230755e-005,
  5.4250000e+004,  2.9121594e-005,
  5.4500000e+004,  3.0555356e-005,
  5.4750000e+004,  8.8555484e-005,
  5.5000000e+004,  1.2954753e-004,
  5.5250000e+004,  9.0310998e-005,
  5.5500000e+004,  3.4749017e-005,
  5.5750000e+004,  2.6381217e-005,
  5.6000000e+004,  2.9578527e-005,
  5.6250000e+004,  2.5607074e-005,
  5.6500000e+004,  2.2978624e-005,
  5.6750000e+004,  2.7456132e-005,
  5.7000000e+004,  3.3889522e-005,
  5.7250000e+004,  2.7123629e-005,
  5.7500000e+004,  2.0273967e-005,
  5.7750000e+004,  2.2654295e-005,
  5.8000000e+004,  2.7381893e-005,
  5.8250000e+004,  2.4973702e-005,
  5.8500000e+004,  2.3213128e-005,
  5.8750000e+004,  3.1800344e-005,
  5.9000000e+004,  4.0410927e-005,
  5.9250000e+004,  3.0992800e-005,
  5.9500000e+004,  2.1930059e-005,
  5.9750000e+004,  3.8436580e-005,
  6.0000000e+004,  5.2371032e-005,
  6.0250000e+004,  3.7612964e-005,
  6.0500000e+004,  2.2638966e-005,
  6.0750000e+004,  2.1664479e-005,
  6.1000000e+004,  2.2471024e-005,
  6.1250000e+004,  2.2093958e-005,
  6.1500000e+004,  2.5279849e-005,
  6.1750000e+004,  3.9438083e-005,
  6.2000000e+004,  5.1877072e-005,
  6.2250000e+004,  4.2171521e-005,
  6.2500000e+004,  4.1351759e-005,
  6.2750000e+004,  3.8254885e-005,
  6.3000000e+004,  2.8671719e-005,
  6.3250000e+004,  2.3087763e-005,
  6.3500000e+004,  4.1520044e-005,
  6.3750000e+004,  1.3382582e-004,
  6.4000000e+004,  1.9643708e-004,
  6.4250000e+004,  1.3519153e-004,
  6.4500000e+004,  4.3830437e-005,
  6.4750000e+004,  2.0901025e-005,
  6.5000000e+004,  2.1272127e-005,
  6.5250000e+004,  2.0397856e-005,
  6.5500000e+004,  3.1436507e-005,
  6.5750000e+004,  8.5319199e-005,
  6.6000000e+004,  1.2189095e-004,
  6.6250000e+004,  8.3096321e-005,
  6.6500000e+004,  3.4096611e-005,
  6.6750000e+004,  3.6682630e-005,
  6.7000000e+004,  4.7154707e-005,
  6.7250000e+004,  2.7868064e-005,
  6.7500000e+004,  1.4407319e-004,
  6.7750000e+004,  5.2277010e-004,
  6.8000000e+004,  7.7047443e-004,
  6.8250000e+004,  5.2489768e-004,
  6.8500000e+004,  1.5957813e-004,
  6.8750000e+004,  4.3241057e-005,
  6.9000000e+004,  4.4729598e-005,
  6.9250000e+004,  2.5938537e-005,
  6.9500000e+004,  1.6362528e-004,
  6.9750000e+004,  5.8256812e-004,
  7.0000000e+004,  8.5570529e-004,
  7.0250000e+004,  5.8217399e-004,
  7.0500000e+004,  1.6440243e-004,
  7.0750000e+004,  5.3517802e-005,
  7.1000000e+004,  8.2256873e-005,
  7.1250000e+004,  4.3889814e-005,
  7.1500000e+004,  2.2999564e-004,
  7.1750000e+004,  8.4591509e-004,
  7.2000000e+004,  1.2467353e-003,
  7.2250000e+004,  8.5339155e-004,
  7.2500000e+004,  2.9565429e-004,
  7.2750000e+004,  1.9157835e-004,
  7.3000000e+004,  2.5200322e-004,
  7.3250000e+004,  1.2498229e-004,
  7.3500000e+004,  6.3961002e-004,
  7.3750000e+004,  2.3684386e-003,
  7.4000000e+004,  3.4930399e-003,
  7.4250000e+004,  2.3877550e-003,
  7.4500000e+004,  7.5652101e-004,
  7.4750000e+004,  2.9108701e-004,
  7.5000000e+004,  3.4639710e-004,
  7.5250000e+004,  1.8633461e-004,
  7.5500000e+004,  6.2126131e-004,
  7.5750000e+004,  2.3540531e-003,
  7.6000000e+004,  3.4718238e-003,
  7.6250000e+004,  2.3700420e-003,
  7.6500000e+004,  7.3432128e-004,
  7.6750000e+004,  2.3250014e-004,
  7.7000000e+004,  2.6156203e-004,
  7.7250000e+004,  1.5968616e-004,
  7.7500000e+004,  1.9093104e-004,
  7.7750000e+004,  8.3172045e-004,
  7.8000000e+004,  1.2316370e-003,
  7.8250000e+004,  8.4305669e-004,
  7.8500000e+004,  2.6244886e-004,
  7.8750000e+004,  8.2703513e-005,
  7.9000000e+004,  9.1418102e-005,
  7.9250000e+004,  6.8982483e-005,
  7.9500000e+004,  1.8013360e-004,
  7.9750000e+004,  5.9977405e-004,
  8.0000000e+004,  8.7919096e-004,
  8.0250000e+004,  5.9936827e-004,
  8.0500000e+004,  1.8258884e-004,
  8.0750000e+004,  5.0218611e-005,
  8.1000000e+004,  5.1912204e-005,
  8.1250000e+004,  2.9299548e-005,
  8.1500000e+004,  1.4098598e-004,
  8.1750000e+004,  5.1434610e-004,
  8.2000000e+004,  7.5754570e-004,
  8.2250000e+004,  5.1678904e-004,
  8.2500000e+004,  1.5850157e-004,
  8.2750000e+004,  4.6175524e-005,
  8.3000000e+004,  4.8383369e-005,
  8.3250000e+004,  3.6361250e-005,
  8.3500000e+004,  3.2717398e-005,
  8.3750000e+004,  1.0242829e-004,
  8.4000000e+004,  1.5014663e-004,
  8.4250000e+004,  1.0333361e-004,
  8.4500000e+004,  3.7536661e-005,
  8.4750000e+004,  2.3801850e-005,
  8.5000000e+004,  2.4822021e-005,
  8.5250000e+004,  2.3513601e-005,
  8.5500000e+004,  4.5063894e-005,
  8.5750000e+004,  1.3528309e-004,
  8.6000000e+004,  1.9696971e-004,
  8.6250000e+004,  1.3473477e-004,
  8.6500000e+004,  4.5247296e-005,
  8.6750000e+004,  2.3834094e-005,
  8.7000000e+004,  2.3545458e-005,
  8.7250000e+004,  2.1489215e-005,
  8.7500000e+004,  2.2395101e-005,
  8.7750000e+004,  4.1379764e-005,
  8.8000000e+004,  5.6534073e-005,
  8.8250000e+004,  4.1915388e-005,
  8.8500000e+004,  2.4754905e-005,
  8.8750000e+004,  2.3513601e-005,
  8.9000000e+004,  2.5382728e-005,
  8.9250000e+004,  2.3753565e-005,
  8.9500000e+004,  2.4571266e-005,
  8.9750000e+004,  4.0493076e-005,
  9.0000000e+004,  5.5210436e-005,
  9.0250000e+004,  4.0301660e-005,
  9.0500000e+004,  2.1841172e-005,
  9.0750000e+004,  2.1000297e-005,
  9.1000000e+004,  2.3561401e-005,
  9.1250000e+004,  2.2932010e-005,
  9.1500000e+004,  2.1635170e-005,
  9.1750000e+004,  2.1300946e-005,
  9.2000000e+004,  2.2049135e-005,
  9.2250000e+004,  2.2455819e-005,
  9.2500000e+004,  2.5973676e-005,
  9.2750000e+004,  3.8723844e-005,
  9.3000000e+004,  4.8350624e-005,
  9.3250000e+004,  3.5270366e-005,
  9.3500000e+004,  2.3418298e-005,
  9.3750000e+004,  3.2081416e-005,
  9.4000000e+004,  3.7817199e-005,
  9.4250000e+004,  2.8983935e-005,
  9.4500000e+004,  2.2304328e-005,
  9.4750000e+004,  3.8934107e-005,
  9.5000000e+004,  5.4100576e-005,
  9.5250000e+004,  3.9705941e-005,
  9.5500000e+004,  2.3914899e-005,
  9.5750000e+004,  2.3197421e-005,
  9.6000000e+004,  2.3402452e-005,
  9.6250000e+004,  2.1503766e-005,
  9.6500000e+004,  2.2654295e-005,
  9.6750000e+004,  3.7971100e-005,
  9.7000000e+004,  5.1214150e-005,
  9.7250000e+004,  3.8776303e-005,
  9.7500000e+004,  2.3785744e-005,
  9.7750000e+004,  2.7586537e-005,
  9.8000000e+004,  3.3752164e-005,
  9.8250000e+004,  2.7178767e-005,
  9.8500000e+004,  2.4788440e-005,
  9.8750000e+004,  5.8125030e-005,
  9.9000000e+004,  8.3604099e-005,
  9.9250000e+004,  6.0904231e-005,
  9.9500000e+004,  3.3140899e-005,
  9.9750000e+004,  3.4050483e-005,
