  0.0000000e+000,  1.2386139e-002,
  2.5000000e+002,  8.4268356e-003,
  5.0000000e+002,  2.4285059e-003,
  7.5000000e+002,  1.8772722e-004,
  1.0000000e+003,  4.2142980e-005,
  1.2500000e+003,  2.8478295e-005,
  1.5000000e+003,  1.8819215e-005,
  1.7500000e+003,  1.8353736e-005,
  2.0000000e+003,  1.9799289e-005,
  2.2500000e+003,  1.9231302e-005,
  2.5000000e+003,  1.8168324e-005,
  2.7500000e+003,  1.8009148e-005,
  3.0000000e+003,  1.8341316e-005,
  3.2500000e+003,  1.8428428e-005,
  3.5000000e+003,  1.7803100e-005,
  3.7500000e+003,  1.7421616e-005,
  4.0000000e+003,  1.7327529e-005,
  4.2500000e+003,  1.7635182e-005,
  4.5000000e+003,  1.7551820e-005,
  4.7500000e+003,  1.8831960e-005,
  5.0000000e+003,  2.0232837e-005,
  5.2500000e+003,  1.8844712e-005,
  5.5000000e+003,  1.7839289e-005,
  5.7500000e+003,  1.8341316e-005,
  6.0000000e+003,  1.8591310e-005,
  6.2500000e+003,  1.7936155e-005,
  6.5000000e+003,  1.8119197e-005,
  6.7500000e+003,  1.8768330e-005,
  7.0000000e+003,  1.8679609e-005,
  7.2500000e+003,  2.0273967e-005,
  7.5000000e+003,  2.0901025e-005,
  7.7500000e+003,  2.1028746e-005,
  8.0000000e+003,  1.9960772e-005,
  8.2500000e+003,  1.8844712e-005,
  8.5000000e+003,  1.8921402e-005,
  8.7500000e+003,  1.8806481e-005,
  9.0000000e+003,  1.8465890e-005,
  9.2500000e+003,  1.7386272e-005,
  9.5000000e+003,  1.8180626e-005,
  9.7500000e+003,  1.9153356e-005,
  1.0000000e+004,  1.8972705e-005,
  1.0250000e+004,  1.8616496e-005,
  1.0500000e+004,  1.8415958e-005,
  1.0750000e+004,  1.8304109e-005,
  1.1000000e+004,  1.8391044e-005,
  1.1250000e+004,  1.8403497e-005,
  1.1500000e+004,  1.8591310e-005,
  1.1750000e+004,  1.8503426e-005,
  1.2000000e+004,  1.8156028e-005,
  1.2250000e+004,  1.9309568e-005,
  1.2500000e+004,  1.9572759e-005,
  1.2750000e+004,  1.8453395e-005,
  1.3000000e+004,  1.7694971e-005,
  1.3250000e+004,  1.7539943e-005,
  1.3500000e+004,  1.7899767e-005,
  1.3750000e+004,  1.7563705e-005,
  1.4000000e+004,  1.7292378e-005,
  1.4250000e+004,  1.8192937e-005,
  1.4500000e+004,  1.8972705e-005,
  1.4750000e+004,  1.9257357e-005,
  1.5000000e+004,  2.0328935e-005,
  1.5250000e+004,  3.2673136e-005,
  1.5500000e+004,  6.3514648e-005,
  1.5750000e+004,  6.7779039e-005,
  1.6000000e+004,  3.7740479e-005,
  1.6250000e+004,  2.0028443e-005,
  1.6500000e+004,  1.8366163e-005,
  1.6750000e+004,  1.7539943e-005,
  1.7000000e+004,  1.8870241e-005,
  1.7250000e+004,  2.0042005e-005,
  1.7500000e+004,  2.0219146e-005,
  1.7750000e+004,  2.7849206e-005,
  1.8000000e+004,  3.6091513e-005,
  1.8250000e+004,  2.8925134e-005,
  1.8500000e+004,  1.8730256e-005,
  1.8750000e+004,  1.8106936e-005,
  1.9000000e+004,  1.8156028e-005,
  1.9250000e+004,  1.7875551e-005,
  1.9500000e+004,  2.4754905e-005,
  1.9750000e+004,  6.3214406e-005,
  2.0000000e+004,  9.1665958e-005,
  2.0250000e+004,  6.3086161e-005,
  2.0500000e+004,  2.4355993e-005,
  2.0750000e+004,  1.9166325e-005,
  2.1000000e+004,  1.9335727e-005,
  2.1250000e+004,  1.8704917e-005,
  2.1500000e+004,  4.2862218e-005,
  2.1750000e+004,  1.3095822e-004,
  2.2000000e+004,  1.8989992e-004,
  2.2250000e+004,  1.2902246e-004,
  2.2500000e+004,  4.0989472e-005,
  2.2750000e+004,  1.9839538e-005,
  2.3000000e+004,  1.9283445e-005,
  2.3250000e+004,  1.9440718e-005,
  2.3500000e+004,  5.8401101e-005,
  2.3750000e+004,  1.9209777e-004,
  2.4000000e+004,  2.8082908e-004,
  2.4250000e+004,  1.9131917e-004,
  2.4500000e+004,  5.7772002e-005,
  2.4750000e+004,  2.0205465e-005,
  2.5000000e+004,  2.0439320e-005,
  2.5250000e+004,  1.9732393e-005,
  2.5500000e+004,  5.6725741e-005,
  2.5750000e+004,  1.9157835e-004,
  2.6000000e+004,  2.8235393e-004,
  2.6250000e+004,  1.9379567e-004,
  2.6500000e+004,  5.9679925e-005,
  2.6750000e+004,  2.0578143e-005,
  2.7000000e+004,  2.0453159e-005,
  2.7250000e+004,  2.0522499e-005,
  2.7500000e+004,  3.9894528e-005,
  2.7750000e+004,  1.2771906e-004,
  2.8000000e+004,  1.8772722e-004,
  2.8250000e+004,  1.2823883e-004,
  2.8500000e+004,  4.0029783e-005,
  2.8750000e+004,  1.7911890e-005,
  2.9000000e+004,  1.8168324e-005,
  2.9250000e+004,  1.7659074e-005,
  2.9500000e+004,  2.4093632e-005,
  2.9750000e+004,  6.3043480e-005,
  3.0000000e+004,  9.1170916e-005,
  3.0250000e+004,  6.2830466e-005,
  3.0500000e+004,  2.4822021e-005,
  3.0750000e+004,  1.9388153e-005,
  3.1000000e+004,  3.5606197e-005,
  3.1250000e+004,  5.6457590e-005,
  3.1500000e+004,  4.7059053e-005,
  3.1750000e+004,  3.2146629e-005,
  3.2000000e+004,  3.5294248e-005,
  3.2250000e+004,  2.6381217e-005,
  3.2500000e+004,  1.7374508e-005,
  3.2750000e+004,  1.7539943e-005,
  3.3000000e+004,  1.8057977e-005,
  3.3250000e+004,  1.8328905e-005,
  3.3500000e+004,  1.9361921e-005,
  3.3750000e+004,  2.0069155e-005,
  3.4000000e+004,  1.9506626e-005,
  3.4250000e+004,  1.8908599e-005,
  3.4500000e+004,  1.8304109e-005,
  3.4750000e+004,  1.7210634e-005,
  3.5000000e+004,  1.8168324e-005,
  3.5250000e+004,  1.9348819e-005,
  3.5500000e+004,  1.8819215e-005,
  3.5750000e+004,  1.8453395e-005,
  3.6000000e+004,  1.8755630e-005,
  3.6250000e+004,  1.9322643e-005,
  3.6500000e+004,  1.8857472e-005,
  3.6750000e+004,  1.8106936e-005,
  3.7000000e+004,  1.8641716e-005,
  3.7250000e+004,  1.8921402e-005,
  3.7500000e+004,  1.8503426e-005,
  3.7750000e+004,  1.9572759e-005,
  3.8000000e+004,  1.9231302e-005,
  3.8250000e+004,  1.8806481e-005,
  3.8500000e+004,  1.8921402e-005,
  3.8750000e+004,  1.9024144e-005,
  3.9000000e+004,  1.9011271e-005,
  3.9250000e+004,  1.8959864e-005,
  3.9500000e+004,  1.8742939e-005,
  3.9750000e+004,  1.8341316e-005,
  4.0000000e+004,  1.7257297e-005,
  4.0250000e+004,  1.7117687e-005,
  4.0500000e+004,  1.8341316e-005,
  4.0750000e+004,  1.7647123e-005,
  4.1000000e+004,  1.6671708e-005,
  4.1250000e+004,  1.7563705e-005,
  4.1500000e+004,  1.8578730e-005,
  4.1750000e+004,  1.8291721e-005,
  4.2000000e+004,  1.9192289e-005,
  4.2250000e+004,  1.8934214e-005,
  4.2500000e+004,  1.8972705e-005,
  4.2750000e+004,  1.9879867e-005,
  4.3000000e+004,  2.0494735e-005,
  4.3250000e+004,  2.0453159e-005,
  4.3500000e+004,  1.9153356e-005,
  4.3750000e+004,  1.9879867e-005,
  4.4000000e+004,  2.0287695e-005,
  4.4250000e+004,  2.0453159e-005,
  4.4500000e+004,  2.0069155e-005,
  4.4750000e+004,  1.8755630e-005,
  4.5000000e+004,  1.8465890e-005,
  4.5250000e+004,  1.8168324e-005,
  4.5500000e+004,  1.7972614e-005,
  4.5750000e+004,  1.9309568e-005,
  4.6000000e+004,  2.0082745e-005,
  4.6250000e+004,  1.9559515e-005,
  4.6500000e+004,  2.1767376e-005,
  4.6750000e+004,  3.8332651e-005,
  4.7000000e+004,  4.5369972e-005,
  4.7250000e+004,  3.0349225e-005,
  4.7500000e+004,  2.1286533e-005,
  4.7750000e+004,  1.9839538e-005,
  4.8000000e+004,  2.0647907e-005,
  4.8250000e+004,  2.0886882e-005,
  4.8500000e+004,  2.0522499e-005,
  4.8750000e+004,  1.9933766e-005,
  4.9000000e+004,  1.9192289e-005,
  4.9250000e+004,  1.8217583e-005,
  4.9500000e+004,  1.8192937e-005,
  4.9750000e+004,  1.9335727e-005,
  5.0000000e+004,  1.9348819e-005,
  5.0250000e+004,  1.8503426e-005,
  5.0500000e+004,  1.8666970e-005,
  5.0750000e+004,  1.9153356e-005,
  5.1000000e+004,  1.9179303e-005,
  5.1250000e+004,  1.9024144e-005,
  5.1500000e+004,  1.9088639e-005,
  5.1750000e+004,  1.9879867e-005,
  5.2000000e+004,  1.9933766e-005,
  5.2250000e+004,  1.9826113e-005,
  5.2500000e+004,  2.0315179e-005,
  5.2750000e+004,  1.9652413e-005,
  5.3000000e+004,  1.9665722e-005,
  5.3250000e+004,  1.9852972e-005,
  5.3500000e+004,  2.0042005e-005,
  5.3750000e+004,  1.9493427e-005,
  5.4000000e+004,  2.0872749e-005,
  5.4250000e+004,  2.0986086e-005,
  5.4500000e+004,  2.0232837e-005,
  5.4750000e+004,  2.0411668e-005,
  5.5000000e+004,  2.0001347e-005,
  5.5250000e+004,  1.8883018e-005,
  5.5500000e+004,  1.9231302e-005,
  5.5750000e+004,  2.0731938e-005,
  5.6000000e+004,  2.1635170e-005,
  5.6250000e+004,  2.1315369e-005,
  5.6500000e+004,  2.0522499e-005,
  5.6750000e+004,  1.9679038e-005,
  5.7000000e+004,  1.9705697e-005,
  5.7250000e+004,  2.0550304e-005,
  5.7500000e+004,  2.0606020e-005,
  5.7750000e+004,  1.9920277e-005,
  5.8000000e+004,  1.8503426e-005,
  5.8250000e+004,  1.8045758e-005,
  5.8500000e+004,  1.7779013e-005,
  5.8750000e+004,  1.8679609e-005,
  5.9000000e+004,  1.9011271e-005,
  5.9250000e+004,  1.8806481e-005,
  5.9500000e+004,  1.9427564e-005,
  5.9750000e+004,  2.0633935e-005,
  6.0000000e+004,  2.0536398e-005,
  6.0250000e+004,  2.0480867e-005,
  6.0500000e+004,  2.0633935e-005,
  6.0750000e+004,  1.9652413e-005,
  6.1000000e+004,  2.0384054e-005,
  6.1250000e+004,  2.0788147e-005,
  6.1500000e+004,  2.0689881e-005,
  6.1750000e+004,  2.1402115e-005,
  6.2000000e+004,  2.2064068e-005,
  6.2250000e+004,  2.6885997e-005,
  6.2500000e+004,  3.7868430e-005,
  6.2750000e+004,  3.4772546e-005,
  6.3000000e+004,  2.3418298e-005,
  6.3250000e+004,  2.1142930e-005,
  6.3500000e+004,  2.1243348e-005,
  6.3750000e+004,  2.0246539e-005,
  6.4000000e+004,  2.0564219e-005,
  6.4250000e+004,  2.1591280e-005,
  6.4500000e+004,  2.0802223e-005,
  6.4750000e+004,  1.9772503e-005,
  6.5000000e+004,  1.8819215e-005,
  6.5250000e+004,  1.8730256e-005,
  6.5500000e+004,  2.0342700e-005,
  6.5750000e+004,  2.0578143e-005,
  6.6000000e+004,  1.9559515e-005,
  6.6250000e+004,  1.9772503e-005,
  6.6500000e+004,  2.1693828e-005,
  6.6750000e+004,  2.2994184e-005,
  6.7000000e+004,  2.1900391e-005,
  6.7250000e+004,  1.9639115e-005,
  6.7500000e+004,  1.9467055e-005,
  6.7750000e+004,  2.0356474e-005,
  6.8000000e+004,  2.2486240e-005,
  6.8250000e+004,  2.1562068e-005,
  6.8500000e+004,  2.0788147e-005,
  6.8750000e+004,  2.0109953e-005,
  6.9000000e+004,  2.0246539e-005,
  6.9250000e+004,  2.0901025e-005,
  6.9500000e+004,  2.2153860e-005,
  6.9750000e+004,  3.6881814e-005,
  7.0000000e+004,  5.2123466e-005,
  7.0250000e+004,  4.0685402e-005,
  7.0500000e+004,  2.4339512e-005,
  7.0750000e+004,  1.9920277e-005,
  7.1000000e+004,  2.0273967e-005,
  7.1250000e+004,  2.1723216e-005,
  7.1500000e+004,  2.9678807e-005,
  7.1750000e+004,  7.0064848e-005,
  7.2000000e+004,  1.0023348e-004,
  7.2250000e+004,  7.0971790e-005,
  7.2500000e+004,  2.8886003e-005,
  7.2750000e+004,  1.9257357e-005,
  7.3000000e+004,  2.0328935e-005,
  7.3250000e+004,  2.0886882e-005,
  7.3500000e+004,  3.3706502e-005,
  7.3750000e+004,  9.6701263e-005,
  7.4000000e+004,  1.4089060e-004,
  7.4250000e+004,  9.6963443e-005,
  7.4500000e+004,  3.4027443e-005,
  7.4750000e+004,  2.0096345e-005,
  7.5000000e+004,  2.0971884e-005,
  7.5250000e+004,  2.0943511e-005,
  7.5500000e+004,  3.4119699e-005,
  7.5750000e+004,  9.7688119e-005,
  7.6000000e+004,  1.4203967e-004,
  7.6250000e+004,  9.7489937e-005,
  7.6500000e+004,  3.4027443e-005,
  7.6750000e+004,  2.1402115e-005,
  7.7000000e+004,  2.1257732e-005,
  7.7250000e+004,  2.0578143e-005,
  7.7500000e+004,  2.6292082e-005,
  7.7750000e+004,  6.5968485e-005,
  7.8000000e+004,  9.7820457e-005,
  7.8250000e+004,  7.3216434e-005,
  7.8500000e+004,  3.4281754e-005,
  7.8750000e+004,  2.3009753e-005,
  7.9000000e+004,  2.1228974e-005,
  7.9250000e+004,  2.0028443e-005,
  7.9500000e+004,  2.1272127e-005,
  7.9750000e+004,  3.6583444e-005,
  8.0000000e+004,  4.9076041e-005,
  8.0250000e+004,  3.5485893e-005,
  8.0500000e+004,  2.0397856e-005,
  8.0750000e+004,  2.0536398e-005,
  8.1000000e+004,  2.1042985e-005,
  8.1250000e+004,  2.0315179e-005,
  8.1500000e+004,  2.1431110e-005,
  8.1750000e+004,  2.4061036e-005,
  8.2000000e+004,  2.4671262e-005,
  8.2250000e+004,  2.1944908e-005,
  8.2500000e+004,  2.0731938e-005,
  8.2750000e+004,  2.0150831e-005,
  8.3000000e+004,  1.9826113e-005,
  8.3250000e+004,  2.0137196e-005,
  8.3500000e+004,  2.0508613e-005,
  8.3750000e+004,  2.0774081e-005,
  8.4000000e+004,  2.0328935e-005,
  8.4250000e+004,  1.9705697e-005,
  8.4500000e+004,  1.9586013e-005,
  8.4750000e+004,  2.0844511e-005,
  8.5000000e+004,  2.1171573e-005,
  8.5250000e+004,  2.1635170e-005,
  8.5500000e+004,  2.1708517e-005,
  8.5750000e+004,  2.1300946e-005,
  8.6000000e+004,  2.2349667e-005,
  8.6250000e+004,  2.3150360e-005,
  8.6500000e+004,  2.2839061e-005,
  8.6750000e+004,  2.1114324e-005,
  8.7000000e+004,  2.0055575e-005,
  8.7250000e+004,  1.9414418e-005,
  8.7500000e+004,  1.8291721e-005,
  8.7750000e+004,  1.8378599e-005,
  8.8000000e+004,  1.9960772e-005,
  8.8250000e+004,  2.1416606e-005,
  8.8500000e+004,  2.1085759e-005,
  8.8750000e+004,  2.0123570e-005,
  8.9000000e+004,  2.0957693e-005,
  8.9250000e+004,  2.0069155e-005,
  8.9500000e+004,  1.9467055e-005,
  8.9750000e+004,  2.0328935e-005,
  9.0000000e+004,  2.1228974e-005,
  9.0250000e+004,  2.1445622e-005,
  9.0500000e+004,  2.0342700e-005,
  9.0750000e+004,  1.9839538e-005,
  9.1000000e+004,  2.0760023e-005,
  9.1250000e+004,  2.0606020e-005,
  9.1500000e+004,  1.9533054e-005,
  9.1750000e+004,  2.0633935e-005,
  9.2000000e+004,  2.1915220e-005,
  9.2250000e+004,  2.1114324e-005,
  9.2500000e+004,  1.9559515e-005,
  9.2750000e+004,  1.8857472e-005,
  9.3000000e+004,  1.8717582e-005,
  9.3250000e+004,  1.9427564e-005,
  9.3500000e+004,  2.1885569e-005,
  9.3750000e+004,  2.9259909e-005,
  9.4000000e+004,  2.9819766e-005,
  9.4250000e+004,  2.3228846e-005,
  9.4500000e+004,  2.1402115e-005,
  9.4750000e+004,  2.1128624e-005,
  9.5000000e+004,  2.1605900e-005,
  9.5250000e+004,  2.1532897e-005,
  9.5500000e+004,  2.0633935e-005,
  9.5750000e+004,  1.9639115e-005,
  9.6000000e+004,  1.9114501e-005,
  9.6250000e+004,  1.8947035e-005,
  9.6500000e+004,  2.0439320e-005,
  9.6750000e+004,  2.1243348e-005,
  9.7000000e+004,  2.0328935e-005,
  9.7250000e+004,  2.0986086e-005,
  9.7500000e+004,  2.1014516e-005,
  9.7750000e+004,  2.1028746e-005,
  9.8000000e+004,  2.2516702e-005,
  9.8250000e+004,  2.2531948e-005,
  9.8500000e+004,  2.0703890e-005,
  9.8750000e+004,  1.7803100e-005,
  9.9000000e+004,  1.8341316e-005,
  9.9250000e+004,  1.9679038e-005,
  9.9500000e+004,  2.0467009e-005,
  9.9750000e+004,  2.1885569e-005,
