  0.0000000e+000,  1.5521415e-001,
  2.5000000e+002,  1.0559893e-001,
  5.0000000e+002,  3.0576798e-002,
  7.5000000e+002,  2.5274562e-003,
  1.0000000e+003,  2.0246539e-005,
  1.2500000e+003,  1.9244326e-005,
  1.5000000e+003,  1.8806481e-005,
  1.7500000e+003,  1.9612546e-005,
  2.0000000e+003,  2.0943511e-005,
  2.2500000e+003,  1.9960772e-005,
  2.5000000e+003,  1.8781038e-005,
  2.7500000e+003,  1.8478394e-005,
  3.0000000e+003,  1.8428428e-005,
  3.2500000e+003,  1.8428428e-005,
  3.5000000e+003,  1.9153356e-005,
  3.7500000e+003,  1.8465890e-005,
  4.0000000e+003,  1.7292378e-005,
  4.2500000e+003,  1.7924018e-005,
  4.5000000e+003,  1.8819215e-005,
  4.7500000e+003,  1.9879867e-005,
  5.0000000e+003,  2.0439320e-005,
  5.2500000e+003,  1.8666970e-005,
  5.5000000e+003,  2.1605900e-005,
  5.7500000e+003,  4.3007534e-005,
  6.0000000e+003,  6.2069568e-005,
  6.2500000e+003,  5.3084854e-005,
  6.5000000e+003,  3.3118474e-005,
  6.7500000e+003,  2.0872749e-005,
  7.0000000e+003,  2.2410265e-005,
  7.2500000e+003,  2.0788147e-005,
  7.5000000e+003,  1.8453395e-005,
  7.7500000e+003,  1.9075723e-005,
  8.0000000e+003,  2.0096345e-005,
  8.2500000e+003,  1.9987813e-005,
  8.5000000e+003,  1.8857472e-005,
  8.7500000e+003,  2.0480867e-005,
  9.0000000e+003,  4.1407778e-005,
  9.2500000e+003,  7.6251267e-005,
  9.5000000e+003,  7.1405479e-005,
  9.7500000e+003,  3.5008721e-005,
  1.0000000e+004,  1.9127444e-005,
  1.0250000e+004,  1.8742939e-005,
  1.0500000e+004,  1.8857472e-005,
  1.0750000e+004,  1.9140395e-005,
  1.1000000e+004,  2.0915178e-005,
  1.1250000e+004,  2.0439320e-005,
  1.1500000e+004,  1.8908599e-005,
  1.1750000e+004,  1.9586013e-005,
  1.2000000e+004,  2.0830406e-005,
  1.2250000e+004,  2.5991264e-005,
  1.2500000e+004,  3.1692899e-005,
  1.2750000e+004,  2.9678807e-005,
  1.3000000e+004,  2.7981479e-005,
  1.3250000e+004,  2.3150360e-005,
  1.3500000e+004,  1.9652413e-005,
  1.3750000e+004,  1.9772503e-005,
  1.4000000e+004,  1.9546280e-005,
  1.4250000e+004,  1.9270397e-005,
  1.4500000e+004,  1.9062815e-005,
  1.4750000e+004,  1.8453395e-005,
  1.5000000e+004,  1.8316503e-005,
  1.5250000e+004,  2.1142930e-005,
  1.5500000e+004,  2.8497578e-005,
  1.5750000e+004,  2.8382074e-005,
  1.6000000e+004,  2.1431110e-005,
  1.6250000e+004,  1.9893328e-005,
  1.6500000e+004,  1.9283445e-005,
  1.6750000e+004,  1.9960772e-005,
  1.7000000e+004,  2.1649819e-005,
  1.7250000e+004,  2.0830406e-005,
  1.7500000e+004,  2.0592077e-005,
  1.7750000e+004,  2.1489215e-005,
  1.8000000e+004,  2.1272127e-005,
  1.8250000e+004,  3.0124086e-005,
  1.8500000e+004,  8.4743632e-005,
  1.8750000e+004,  1.2532115e-004,
  1.9000000e+004,  9.1541946e-005,
  1.9250000e+004,  3.8907766e-005,
  1.9500000e+004,  2.2138869e-005,
  1.9750000e+004,  2.1171573e-005,
  2.0000000e+004,  2.0606020e-005,
  2.0250000e+004,  1.9401281e-005,
  2.0500000e+004,  2.0550304e-005,
  2.0750000e+004,  2.2684985e-005,
  2.1000000e+004,  2.3641279e-005,
  2.1250000e+004,  2.2839061e-005,
  2.1500000e+004,  2.2486240e-005,
  2.1750000e+004,  2.4323042e-005,
  2.2000000e+004,  2.6452746e-005,
  2.2250000e+004,  2.7530572e-005,
  2.2500000e+004,  2.8730001e-005,
  2.2750000e+004,  3.0452114e-005,
  2.3000000e+004,  3.1287902e-005,
  2.3250000e+004,  3.0700481e-005,
  2.3500000e+004,  3.0308166e-005,
  2.3750000e+004,  3.1013786e-005,
  2.4000000e+004,  3.4655055e-005,
  2.4250000e+004,  2.3161195e-003,
  2.4500000e+004,  2.8153174e-002,
  2.4750000e+004,  9.7426440e-002,
  2.5000000e+004,  1.4320173e-001,
  2.5250000e+004,  9.7558402e-002,
  2.5500000e+004,  2.8229491e-002,
  2.5750000e+004,  2.3271202e-003,
  2.6000000e+004,  4.5585461e-005,
  2.6250000e+004,  4.0247137e-005,
  2.6500000e+004,  3.6115951e-005,
  2.6750000e+004,  3.4096611e-005,
  2.7000000e+004,  3.4119699e-005,
  2.7250000e+004,  3.2081416e-005,
  2.7500000e+004,  2.8382074e-005,
  2.7750000e+004,  2.5728697e-005,
  2.8000000e+004,  2.4671262e-005,
  2.8250000e+004,  2.1782115e-005,
  2.8500000e+004,  1.9812698e-005,
  2.8750000e+004,  1.9453882e-005,
  2.9000000e+004,  2.0453159e-005,
  2.9250000e+004,  2.0384054e-005,
  2.9500000e+004,  1.9974288e-005,
  2.9750000e+004,  2.1286533e-005,
  3.0000000e+004,  2.2334544e-005,
  3.0250000e+004,  2.1300946e-005,
  3.0500000e+004,  2.0633935e-005,
  3.0750000e+004,  3.3388584e-005,
  3.1000000e+004,  8.0876584e-005,
  3.1250000e+004,  1.1711887e-004,
  3.1500000e+004,  8.3152596e-005,
  3.1750000e+004,  3.1585817e-005,
  3.2000000e+004,  2.0356474e-005,
  3.2250000e+004,  2.0150831e-005,
  3.2500000e+004,  2.0929340e-005,
  3.2750000e+004,  2.1649819e-005,
  3.3000000e+004,  2.0915178e-005,
  3.3250000e+004,  2.0425489e-005,
  3.3500000e+004,  2.0150831e-005,
  3.3750000e+004,  1.9852972e-005,
  3.4000000e+004,  2.2079008e-005,
  3.4250000e+004,  2.6668491e-005,
  3.4500000e+004,  2.5607074e-005,
  3.4750000e+004,  2.1900391e-005,
  3.5000000e+004,  2.0816309e-005,
  3.5250000e+004,  1.9075723e-005,
  3.5500000e+004,  1.8033545e-005,
  3.5750000e+004,  1.8503426e-005,
  3.6000000e+004,  1.9866415e-005,
  3.6250000e+004,  2.0439320e-005,
  3.6500000e+004,  2.0069155e-005,
  3.6750000e+004,  2.3402452e-005,
  3.7000000e+004,  2.6506517e-005,
  3.7250000e+004,  2.5624413e-005,
  3.7500000e+004,  2.8652318e-005,
  3.7750000e+004,  2.4028482e-005,
  3.8000000e+004,  2.0260249e-005,
  3.8250000e+004,  2.0943511e-005,
  3.8500000e+004,  2.1228974e-005,
  3.8750000e+004,  2.0703890e-005,
  3.9000000e+004,  2.0901025e-005,
  3.9250000e+004,  2.1014516e-005,
  3.9500000e+004,  2.0578143e-005,
  3.9750000e+004,  2.0219146e-005,
  4.0000000e+004,  2.1489215e-005,
  4.0250000e+004,  5.5773870e-005,
  4.0500000e+004,  1.2481321e-004,
  4.0750000e+004,  1.3319320e-004,
  4.1000000e+004,  6.8147082e-005,
  4.1250000e+004,  2.4754905e-005,
  4.1500000e+004,  1.9852972e-005,
  4.1750000e+004,  1.9361921e-005,
  4.2000000e+004,  2.0802223e-005,
  4.2250000e+004,  2.1591280e-005,
  4.2500000e+004,  2.0675881e-005,
  4.2750000e+004,  1.9599275e-005,
  4.3000000e+004,  2.0411668e-005,
  4.3250000e+004,  2.3737492e-005,
  4.3500000e+004,  3.7638432e-005,
  4.3750000e+004,  4.3771140e-005,
  4.4000000e+004,  3.0164895e-005,
  4.4250000e+004,  2.1214609e-005,
  4.4500000e+004,  2.1344245e-005,
  4.4750000e+004,  2.2064068e-005,
  4.5000000e+004,  2.2079008e-005,
  4.5250000e+004,  2.1547477e-005,
  4.5500000e+004,  2.0467009e-005,
  4.5750000e+004,  1.9348819e-005,
  4.6000000e+004,  2.1228974e-005,
  4.6250000e+004,  2.1272127e-005,
  4.6500000e+004,  1.9920277e-005,
  4.6750000e+004,  2.2870004e-005,
  4.7000000e+004,  2.4721412e-005,
  4.7250000e+004,  2.0760023e-005,
  4.7500000e+004,  1.8819215e-005,
  4.7750000e+004,  1.8704917e-005,
  4.8000000e+004,  2.0082745e-005,
  4.8250000e+004,  2.1591280e-005,
  4.8500000e+004,  2.1532897e-005,
  4.8750000e+004,  1.9839538e-005,
  4.9000000e+004,  2.1000297e-005,
  4.9250000e+004,  1.2153590e-002,
  4.9500000e+004,  1.4753095e-001,
  4.9750000e+004,  5.1088875e-001,
  5.0000000e+004,  7.5245426e-001,
  5.0250000e+004,  5.1331549e-001,
  5.0500000e+004,  1.4883487e-001,
  5.0750000e+004,  1.2352653e-002,
  5.1000000e+004,  1.9947265e-005,
  5.1250000e+004,  1.9075723e-005,
  5.1500000e+004,  1.9335727e-005,
  5.1750000e+004,  2.1431110e-005,
  5.2000000e+004,  2.2486240e-005,
  5.2250000e+004,  2.1664479e-005,
  5.2500000e+004,  2.1185908e-005,
  5.2750000e+004,  2.1142930e-005,
  5.3000000e+004,  2.1228974e-005,
  5.3250000e+004,  2.0830406e-005,
  5.3500000e+004,  1.9665722e-005,
  5.3750000e+004,  1.9705697e-005,
  5.4000000e+004,  2.2019306e-005,
  5.4250000e+004,  2.3276064e-005,
  5.4500000e+004,  2.1737925e-005,
  5.4750000e+004,  2.1620530e-005,
  5.5000000e+004,  2.1974637e-005,
  5.5250000e+004,  2.1562068e-005,
  5.5500000e+004,  2.1185908e-005,
  5.5750000e+004,  2.5938537e-005,
  5.6000000e+004,  4.4217833e-005,
  5.6250000e+004,  6.0534322e-005,
  5.6500000e+004,  4.8219889e-005,
  5.6750000e+004,  2.5780997e-005,
  5.7000000e+004,  2.1708517e-005,
  5.7250000e+004,  2.0397856e-005,
  5.7500000e+004,  1.9088639e-005,
  5.7750000e+004,  1.8921402e-005,
  5.8000000e+004,  1.9440718e-005,
  5.8250000e+004,  1.9705697e-005,
  5.8500000e+004,  2.0397856e-005,
  5.8750000e+004,  2.1900391e-005,
  5.9000000e+004,  5.2088202e-005,
  5.9250000e+004,  1.0057328e-004,
  5.9500000e+004,  9.4693230e-005,
  5.9750000e+004,  4.4247779e-005,
  6.0000000e+004,  2.1576668e-005,
  6.0250000e+004,  2.1257732e-005,
  6.0500000e+004,  2.1474674e-005,
  6.0750000e+004,  2.2064068e-005,
  6.1000000e+004,  2.2274154e-005,
  6.1250000e+004,  2.1416606e-005,
  6.1500000e+004,  2.1100037e-005,
  6.1750000e+004,  2.2486240e-005,
  6.2000000e+004,  2.5503286e-005,
  6.2250000e+004,  2.9299548e-005,
  6.2500000e+004,  3.3592613e-005,
  6.2750000e+004,  3.1013786e-005,
  6.3000000e+004,  2.9359106e-005,
  6.3250000e+004,  2.5451547e-005,
  6.3500000e+004,  2.2425439e-005,
  6.3750000e+004,  1.9947265e-005,
  6.4000000e+004,  1.8959864e-005,
  6.4250000e+004,  1.9153356e-005,
  6.4500000e+004,  2.1057233e-005,
  6.4750000e+004,  2.2577752e-005,
  6.5000000e+004,  2.2440624e-005,
  6.5250000e+004,  2.3354975e-005,
  6.5500000e+004,  2.5728697e-005,
  6.5750000e+004,  2.5245646e-005,
  6.6000000e+004,  2.3040927e-005,
  6.6250000e+004,  2.2916492e-005,
  6.6500000e+004,  2.2019306e-005,
  6.6750000e+004,  2.0356474e-005,
  6.7000000e+004,  2.0246539e-005,
  6.7250000e+004,  2.0411668e-005,
  6.7500000e+004,  2.0439320e-005,
  6.7750000e+004,  1.9933766e-005,
  6.8000000e+004,  2.0356474e-005,
  6.8250000e+004,  2.8788404e-005,
  6.8500000e+004,  7.0540735e-005,
  6.8750000e+004,  9.9894805e-005,
  6.9000000e+004,  6.9169511e-005,
  6.9250000e+004,  2.8788404e-005,
  6.9500000e+004,  2.0731938e-005,
  6.9750000e+004,  2.2364801e-005,
  7.0000000e+004,  2.3689335e-005,
  7.0250000e+004,  2.2019306e-005,
  7.0500000e+004,  2.1257732e-005,
  7.0750000e+004,  2.3040927e-005,
  7.1000000e+004,  2.2978624e-005,
  7.1250000e+004,  2.2334544e-005,
  7.1500000e+004,  2.3087763e-005,
  7.1750000e+004,  2.7215586e-005,
  7.2000000e+004,  2.9759273e-005,
  7.2250000e+004,  2.6885997e-005,
  7.2500000e+004,  2.7215586e-005,
  7.2750000e+004,  2.9378985e-005,
  7.3000000e+004,  3.0246679e-005,
  7.3250000e+004,  3.0001986e-005,
  7.3500000e+004,  3.2321183e-005,
  7.3750000e+004,  3.5920904e-005,
  7.4000000e+004,  4.0493076e-005,
  7.4250000e+004,  4.5349882e-004,
  7.4500000e+004,  5.5686760e-003,
  7.4750000e+004,  1.9296977e-002,
  7.5000000e+004,  2.8402000e-002,
  7.5250000e+004,  1.9362412e-002,
  7.5500000e+004,  5.6102947e-003,
  7.5750000e+004,  4.6594553e-004,
  7.6000000e+004,  3.6042686e-005,
  7.6250000e+004,  3.4702006e-005,
  7.6500000e+004,  3.2430758e-005,
  7.6750000e+004,  3.1692899e-005,
  7.7000000e+004,  3.0700481e-005,
  7.7250000e+004,  2.8152463e-005,
  7.7500000e+004,  2.6831455e-005,
  7.7750000e+004,  2.6363366e-005,
  7.8000000e+004,  2.6470658e-005,
  7.8250000e+004,  2.6452746e-005,
  7.8500000e+004,  2.4521418e-005,
  7.8750000e+004,  2.3260314e-005,
  7.9000000e+004,  2.1286533e-005,
  7.9250000e+004,  2.0661888e-005,
  7.9500000e+004,  2.0633935e-005,
  7.9750000e+004,  2.0717909e-005,
  8.0000000e+004,  2.0844511e-005,
  8.0250000e+004,  2.1974637e-005,
  8.0500000e+004,  2.1915220e-005,
  8.0750000e+004,  3.3797888e-005,
  8.1000000e+004,  8.3096321e-005,
  8.1250000e+004,  1.1337469e-004,
  8.1500000e+004,  7.7342906e-005,
  8.1750000e+004,  3.0308166e-005,
  8.2000000e+004,  2.1300946e-005,
  8.2250000e+004,  2.1649819e-005,
  8.2500000e+004,  2.0802223e-005,
  8.2750000e+004,  2.0844511e-005,
  8.3000000e+004,  2.2138869e-005,
  8.3250000e+004,  2.2808163e-005,
  8.3500000e+004,  2.2486240e-005,
  8.3750000e+004,  2.2608338e-005,
  8.4000000e+004,  2.2079008e-005,
  8.4250000e+004,  2.1071492e-005,
  8.4500000e+004,  2.1257732e-005,
  8.4750000e+004,  2.1402115e-005,
  8.5000000e+004,  2.2486240e-005,
  8.5250000e+004,  2.2395101e-005,
  8.5500000e+004,  2.1286533e-005,
  8.5750000e+004,  2.0915178e-005,
  8.6000000e+004,  2.1142930e-005,
  8.6250000e+004,  2.0943511e-005,
  8.6500000e+004,  2.0397856e-005,
  8.6750000e+004,  2.1576668e-005,
  8.7000000e+004,  2.3995975e-005,
  8.7250000e+004,  2.6203245e-005,
  8.7500000e+004,  3.0369775e-005,
  8.7750000e+004,  2.7586537e-005,
  8.8000000e+004,  2.3673305e-005,
  8.8250000e+004,  2.2562475e-005,
  8.8500000e+004,  2.2183871e-005,
  8.8750000e+004,  2.1679148e-005,
  8.9000000e+004,  2.1664479e-005,
  8.9250000e+004,  2.1014516e-005,
  8.9500000e+004,  2.0150831e-005,
  8.9750000e+004,  2.0943511e-005,
  9.0000000e+004,  2.0301433e-005,
  9.0250000e+004,  2.5314096e-005,
  9.0500000e+004,  4.4759890e-005,
  9.0750000e+004,  4.8943344e-005,
  9.1000000e+004,  3.2016332e-005,
  9.1250000e+004,  2.1826393e-005,
  9.1500000e+004,  1.9933766e-005,
  9.1750000e+004,  2.0494735e-005,
  9.2000000e+004,  2.1272127e-005,
  9.2250000e+004,  2.0675881e-005,
  9.2500000e+004,  1.9612546e-005,
  9.2750000e+004,  2.0943511e-005,
  9.3000000e+004,  2.2963076e-005,
  9.3250000e+004,  2.4372485e-005,
  9.3500000e+004,  3.4537965e-005,
  9.3750000e+004,  4.4128137e-005,
  9.4000000e+004,  3.5389939e-005,
  9.4250000e+004,  2.4355993e-005,
  9.4500000e+004,  2.2079008e-005,
  9.4750000e+004,  2.0986086e-005,
  9.5000000e+004,  2.1562068e-005,
  9.5250000e+004,  2.1562068e-005,
  9.5500000e+004,  2.1402115e-005,
  9.5750000e+004,  2.2669635e-005,
  9.6000000e+004,  2.3947296e-005,
  9.6250000e+004,  2.3056529e-005,
  9.6500000e+004,  2.1664479e-005,
  9.6750000e+004,  2.1767376e-005,
  9.7000000e+004,  2.2244020e-005,
  9.7250000e+004,  2.0260249e-005,
  9.7500000e+004,  2.0689881e-005,
  9.7750000e+004,  2.2562475e-005,
  9.8000000e+004,  2.3040927e-005,
  9.8250000e+004,  2.1915220e-005,
  9.8500000e+004,  2.2731100e-005,
  9.8750000e+004,  2.2562475e-005,
  9.9000000e+004,  2.0205465e-005,
  9.9250000e+004,  1.9781756e-003,
  9.9500000e+004,  2.3899320e-002,
  9.9750000e+004,  8.2426116e-002,
