  0.0000000e+000,  9.7469580e-003,
  2.5000000e+002,  9.6746525e-003,
  5.0000000e+002,  7.0161536e-002,
  7.5000000e+002,  2.4099878e-001,
  1.0000000e+003,  3.5399095e-001,
  1.2500000e+003,  2.4099878e-001,
  1.5000000e+003,  6.9735387e-002,
  1.7500000e+003,  5.7447993e-003,
  2.0000000e+003,  7.7762864e-005,
  2.2500000e+003,  4.5926153e-005,
  2.5000000e+003,  1.0121152e-003,
  2.7500000e+003,  3.5454469e-003,
  3.0000000e+003,  5.2147863e-003,
  3.2500000e+003,  3.5502491e-003,
  3.5000000e+003,  1.0293886e-003,
  3.7500000e+003,  9.0739939e-005,
  4.0000000e+003,  1.8998407e-005,
  4.2500000e+003,  2.2808163e-005,
  4.5000000e+003,  1.2033331e-004,
  4.7500000e+003,  4.0584883e-004,
  5.0000000e+003,  5.9613112e-004,
  5.2500000e+003,  4.0584883e-004,
  5.5000000e+003,  1.1743643e-004,
  5.7500000e+003,  1.8266975e-005,
  6.0000000e+003,  2.1000297e-005,
  6.2500000e+003,  2.0929340e-005,
  6.5000000e+003,  3.3912469e-005,
  6.7500000e+003,  1.0166845e-004,
  7.0000000e+003,  1.4913373e-004,
  7.2500000e+003,  1.0270600e-004,
  7.5000000e+003,  3.5920904e-005,
  7.7500000e+003,  1.9075723e-005,
  8.0000000e+003,  1.8503426e-005,
  8.2500000e+003,  1.8070204e-005,
  8.5000000e+003,  2.1708517e-005,
  8.7500000e+003,  4.8514547e-005,
  9.0000000e+003,  6.9498038e-005,
  9.2500000e+003,  4.9009648e-005,
  9.5000000e+003,  2.1974637e-005,
  9.7500000e+003,  1.7863456e-005,
  1.0000000e+004,  1.9388153e-005,
  1.0250000e+004,  1.9826113e-005,
  1.0500000e+004,  2.1214609e-005,
  1.0750000e+004,  3.1735834e-005,
  1.1000000e+004,  4.0878641e-005,
  1.1250000e+004,  3.1479094e-005,
  1.1500000e+004,  2.0205465e-005,
  1.1750000e+004,  1.9140395e-005,
  1.2000000e+004,  2.0137196e-005,
  1.2250000e+004,  1.9244326e-005,
  1.2500000e+004,  1.9335727e-005,
  1.2750000e+004,  2.5746119e-005,
  1.3000000e+004,  3.2739555e-005,
  1.3250000e+004,  2.7215586e-005,
  1.3500000e+004,  2.0439320e-005,
  1.3750000e+004,  1.9866415e-005,
  1.4000000e+004,  2.1014516e-005,
  1.4250000e+004,  2.0287695e-005,
  1.4500000e+004,  2.0082745e-005,
  1.4750000e+004,  2.8076341e-005,
  1.5000000e+004,  3.7056988e-005,
  1.5250000e+004,  2.9860166e-005,
  1.5500000e+004,  2.1620530e-005,
  1.5750000e+004,  1.9974288e-005,
  1.6000000e+004,  2.0802223e-005,
  1.6250000e+004,  1.9960772e-005,
  1.6500000e+004,  1.8578730e-005,
  1.6750000e+004,  2.1157247e-005,
  1.7000000e+004,  2.6416959e-005,
  1.7250000e+004,  2.3801850e-005,
  1.7500000e+004,  2.0069155e-005,
  1.7750000e+004,  1.9257357e-005,
  1.8000000e+004,  1.8704917e-005,
  1.8250000e+004,  1.8440908e-005,
  1.8500000e+004,  1.8806481e-005,
  1.8750000e+004,  2.2019306e-005,
  1.9000000e+004,  2.4587904e-005,
  1.9250000e+004,  2.1693828e-005,
  1.9500000e+004,  1.9639115e-005,
  1.9750000e+004,  1.9987813e-005,
  2.0000000e+004,  2.0816309e-005,
  2.0250000e+004,  2.0619973e-005,
  2.0500000e+004,  1.9270397e-005,
  2.0750000e+004,  2.0494735e-005,
  2.1000000e+004,  2.2064068e-005,
  2.1250000e+004,  2.1503766e-005,
  2.1500000e+004,  1.9348819e-005,
  2.1750000e+004,  1.8528493e-005,
  2.2000000e+004,  1.8070204e-005,
  2.2250000e+004,  1.7936155e-005,
  2.2500000e+004,  1.9519837e-005,
  2.2750000e+004,  2.1142930e-005,
  2.3000000e+004,  2.1649819e-005,
  2.3250000e+004,  1.9586013e-005,
  2.3500000e+004,  1.7339262e-005,
  2.3750000e+004,  1.9906798e-005,
  2.4000000e+004,  2.2425439e-005,
  2.4250000e+004,  2.0384054e-005,
  2.4500000e+004,  3.4514595e-005,
  2.4750000e+004,  1.0159967e-004,
  2.5000000e+004,  1.4663123e-004,
  2.5250000e+004,  1.0228972e-004,
  2.5500000e+004,  5.9357611e-005,
  2.5750000e+004,  1.0132493e-004,
  2.6000000e+004,  1.4397568e-004,
  2.6250000e+004,  9.9422588e-005,
  2.6500000e+004,  3.5509922e-005,
  2.6750000e+004,  2.1855961e-005,
  2.7000000e+004,  2.2808163e-005,
  2.7250000e+004,  2.0397856e-005,
  2.7500000e+004,  1.8391044e-005,
  2.7750000e+004,  1.9625826e-005,
  2.8000000e+004,  2.0971884e-005,
  2.8250000e+004,  2.0205465e-005,
  2.8500000e+004,  1.9719040e-005,
  2.8750000e+004,  2.0633935e-005,
  2.9000000e+004,  2.1431110e-005,
  2.9250000e+004,  1.9987813e-005,
  2.9500000e+004,  1.9546280e-005,
  2.9750000e+004,  1.9759124e-005,
  3.0000000e+004,  1.9559515e-005,
  3.0250000e+004,  1.8304109e-005,
  3.0500000e+004,  1.8591310e-005,
  3.0750000e+004,  2.1000297e-005,
  3.1000000e+004,  2.2274154e-005,
  3.1250000e+004,  2.0901025e-005,
  3.1500000e+004,  1.8972705e-005,
  3.1750000e+004,  1.8168324e-005,
  3.2000000e+004,  1.9879867e-005,
  3.2250000e+004,  2.0731938e-005,
  3.2500000e+004,  1.9745754e-005,
  3.2750000e+004,  2.1128624e-005,
  3.3000000e+004,  2.3593320e-005,
  3.3250000e+004,  2.1460143e-005,
  3.3500000e+004,  1.9920277e-005,
  3.3750000e+004,  2.0370258e-005,
  3.4000000e+004,  2.0633935e-005,
  3.4250000e+004,  2.0191793e-005,
  3.4500000e+004,  1.8768330e-005,
  3.4750000e+004,  1.9257357e-005,
  3.5000000e+004,  2.2228968e-005,
  3.5250000e+004,  2.1214609e-005,
  3.5500000e+004,  1.8730256e-005,
  3.5750000e+004,  1.8021342e-005,
  3.6000000e+004,  1.9244326e-005,
  3.6250000e+004,  2.0273967e-005,
  3.6500000e+004,  2.1000297e-005,
  3.6750000e+004,  2.1974637e-005,
  3.7000000e+004,  2.1664479e-005,
  3.7250000e+004,  2.0191793e-005,
  3.7500000e+004,  1.9572759e-005,
  3.7750000e+004,  1.8205256e-005,
  3.8000000e+004,  1.8704917e-005,
  3.8250000e+004,  1.9732393e-005,
  3.8500000e+004,  1.9559515e-005,
  3.8750000e+004,  1.9257357e-005,
  3.9000000e+004,  2.0943511e-005,
  3.9250000e+004,  2.0232837e-005,
  3.9500000e+004,  1.8553594e-005,
  3.9750000e+004,  1.8009148e-005,
  4.0000000e+004,  1.8781038e-005,
  4.0250000e+004,  1.8934214e-005,
  4.0500000e+004,  1.8242262e-005,
  4.0750000e+004,  1.7315804e-005,
  4.1000000e+004,  1.8553594e-005,
  4.1250000e+004,  1.8857472e-005,
  4.1500000e+004,  1.7863456e-005,
  4.1750000e+004,  1.7304087e-005,
  4.2000000e+004,  1.8021342e-005,
  4.2250000e+004,  1.8578730e-005,
  4.2500000e+004,  1.9270397e-005,
  4.2750000e+004,  2.0564219e-005,
  4.3000000e+004,  2.1460143e-005,
  4.3250000e+004,  1.9037026e-005,
  4.3500000e+004,  1.8279344e-005,
  4.3750000e+004,  1.8704917e-005,
  4.4000000e+004,  1.9719040e-005,
  4.4250000e+004,  1.9933766e-005,
  4.4500000e+004,  1.9140395e-005,
  4.4750000e+004,  1.9519837e-005,
  4.5000000e+004,  2.1576668e-005,
  4.5250000e+004,  2.1000297e-005,
  4.5500000e+004,  1.9933766e-005,
  4.5750000e+004,  2.0633935e-005,
  4.6000000e+004,  2.0647907e-005,
  4.6250000e+004,  1.9467055e-005,
  4.6500000e+004,  1.9166325e-005,
  4.6750000e+004,  2.0592077e-005,
  4.7000000e+004,  2.2183871e-005,
  4.7250000e+004,  2.0592077e-005,
  4.7500000e+004,  1.8591310e-005,
  4.7750000e+004,  1.9037026e-005,
  4.8000000e+004,  2.0356474e-005,
  4.8250000e+004,  2.0816309e-005,
  4.8500000e+004,  2.5109307e-005,
  4.8750000e+004,  5.3662913e-005,
  4.9000000e+004,  7.4113979e-005,
  4.9250000e+004,  5.2017722e-005,
  4.9500000e+004,  2.3497691e-005,
  4.9750000e+004,  1.9839538e-005,
  5.0000000e+004,  1.9879867e-005,
  5.0250000e+004,  2.0370258e-005,
  5.0500000e+004,  4.7218587e-005,
  5.0750000e+004,  1.5178162e-004,
  5.1000000e+004,  2.2324654e-004,
  5.1250000e+004,  1.5395461e-004,
  5.1500000e+004,  4.9442821e-005,
  5.1750000e+004,  2.0069155e-005,
  5.2000000e+004,  1.9283445e-005,
  5.2250000e+004,  1.9506626e-005,
  5.2500000e+004,  2.2978624e-005,
  5.2750000e+004,  4.3593731e-005,
  5.3000000e+004,  6.0780673e-005,
  5.3250000e+004,  4.4427850e-005,
  5.3500000e+004,  2.3689335e-005,
  5.3750000e+004,  1.9599275e-005,
  5.4000000e+004,  2.0508613e-005,
  5.4250000e+004,  2.2168860e-005,
  5.4500000e+004,  2.1635170e-005,
  5.4750000e+004,  2.1214609e-005,
  5.5000000e+004,  2.2049135e-005,
  5.5250000e+004,  2.1157247e-005,
  5.5500000e+004,  2.0703890e-005,
  5.5750000e+004,  2.2577752e-005,
  5.6000000e+004,  2.3866382e-005,
  5.6250000e+004,  2.1930059e-005,
  5.6500000e+004,  2.1142930e-005,
  5.6750000e+004,  2.0929340e-005,
  5.7000000e+004,  2.1157247e-005,
  5.7250000e+004,  2.0971884e-005,
  5.7500000e+004,  2.0745976e-005,
  5.7750000e+004,  2.0971884e-005,
  5.8000000e+004,  2.0661888e-005,
  5.8250000e+004,  2.0219146e-005,
  5.8500000e+004,  2.1737925e-005,
  5.8750000e+004,  2.2198893e-005,
  5.9000000e+004,  2.2577752e-005,
  5.9250000e+004,  2.2034215e-005,
  5.9500000e+004,  2.1257732e-005,
  5.9750000e+004,  2.1870760e-005,
  6.0000000e+004,  2.1576668e-005,
  6.0250000e+004,  2.0745976e-005,
  6.0500000e+004,  2.1185908e-005,
  6.0750000e+004,  2.0760023e-005,
  6.1000000e+004,  1.9599275e-005,
  6.1250000e+004,  1.8654338e-005,
  6.1500000e+004,  1.9519837e-005,
  6.1750000e+004,  2.0858625e-005,
  6.2000000e+004,  2.2064068e-005,
  6.2250000e+004,  2.1057233e-005,
  6.2500000e+004,  2.1014516e-005,
  6.2750000e+004,  2.2108918e-005,
  6.3000000e+004,  2.3513601e-005,
  6.3250000e+004,  2.4126271e-005,
  6.3500000e+004,  2.3641279e-005,
  6.3750000e+004,  2.3213128e-005,
  6.4000000e+004,  2.3025334e-005,
  6.4250000e+004,  2.1562068e-005,
  6.4500000e+004,  2.1855961e-005,
  6.4750000e+004,  2.2947537e-005,
  6.5000000e+004,  2.3087763e-005,
  6.5250000e+004,  2.0986086e-005,
  6.5500000e+004,  2.0342700e-005,
  6.5750000e+004,  2.1416606e-005,
  6.6000000e+004,  2.1257732e-005,
  6.6250000e+004,  1.9401281e-005,
  6.6500000e+004,  2.0069155e-005,
  6.6750000e+004,  2.1071492e-005,
  6.7000000e+004,  2.1708517e-005,
  6.7250000e+004,  2.1989517e-005,
  6.7500000e+004,  2.1664479e-005,
  6.7750000e+004,  2.0550304e-005,
  6.8000000e+004,  2.1272127e-005,
  6.8250000e+004,  2.1547477e-005,
  6.8500000e+004,  1.9533054e-005,
  6.8750000e+004,  1.9231302e-005,
  6.9000000e+004,  2.1272127e-005,
  6.9250000e+004,  2.1344245e-005,
  6.9500000e+004,  2.1114324e-005,
  6.9750000e+004,  2.0816309e-005,
  7.0000000e+004,  2.0564219e-005,
  7.0250000e+004,  2.0014890e-005,
  7.0500000e+004,  2.0872749e-005,
  7.0750000e+004,  2.2654295e-005,
  7.1000000e+004,  2.2577752e-005,
  7.1250000e+004,  2.2093958e-005,
  7.1500000e+004,  2.1900391e-005,
  7.1750000e+004,  2.2963076e-005,
  7.2000000e+004,  2.2885489e-005,
  7.2250000e+004,  1.9893328e-005,
  7.2500000e+004,  1.9309568e-005,
  7.2750000e+004,  2.0411668e-005,
  7.3000000e+004,  2.0137196e-005,
  7.3250000e+004,  1.8666970e-005,
  7.3500000e+004,  1.8666970e-005,
  7.3750000e+004,  1.9401281e-005,
  7.4000000e+004,  1.9879867e-005,
  7.4250000e+004,  1.9652413e-005,
  7.4500000e+004,  2.0123570e-005,
  7.4750000e+004,  2.1693828e-005,
  7.5000000e+004,  2.3291825e-005,
  7.5250000e+004,  2.2349667e-005,
  7.5500000e+004,  2.1028746e-005,
  7.5750000e+004,  2.1664479e-005,
  7.6000000e+004,  2.2777306e-005,
  7.6250000e+004,  2.1635170e-005,
  7.6500000e+004,  2.0356474e-005,
  7.6750000e+004,  2.0957693e-005,
  7.7000000e+004,  2.2093958e-005,
  7.7250000e+004,  2.1057233e-005,
  7.7500000e+004,  1.9906798e-005,
  7.7750000e+004,  2.0137196e-005,
  7.8000000e+004,  2.0150831e-005,
  7.8250000e+004,  2.0260249e-005,
  7.8500000e+004,  2.1228974e-005,
  7.8750000e+004,  2.2746492e-005,
  7.9000000e+004,  2.2049135e-005,
  7.9250000e+004,  2.0273967e-005,
  7.9500000e+004,  2.0137196e-005,
  7.9750000e+004,  1.9866415e-005,
  8.0000000e+004,  1.9335727e-005,
  8.0250000e+004,  1.8819215e-005,
  8.0500000e+004,  1.9906798e-005,
  8.0750000e+004,  2.2425439e-005,
  8.1000000e+004,  2.3593320e-005,
  8.1250000e+004,  2.1635170e-005,
  8.1500000e+004,  2.0986086e-005,
  8.1750000e+004,  2.1257732e-005,
  8.2000000e+004,  2.2093958e-005,
  8.2250000e+004,  2.2168860e-005,
  8.2500000e+004,  2.1649819e-005,
  8.2750000e+004,  2.1620530e-005,
  8.3000000e+004,  2.1100037e-005,
  8.3250000e+004,  1.9257357e-005,
  8.3500000e+004,  1.8895804e-005,
  8.3750000e+004,  1.9732393e-005,
  8.4000000e+004,  2.1171573e-005,
  8.4250000e+004,  2.1474674e-005,
  8.4500000e+004,  2.1157247e-005,
  8.4750000e+004,  2.1214609e-005,
  8.5000000e+004,  2.2562475e-005,
  8.5250000e+004,  2.2259081e-005,
  8.5500000e+004,  2.2198893e-005,
  8.5750000e+004,  2.0550304e-005,
  8.6000000e+004,  2.0494735e-005,
  8.6250000e+004,  2.0915178e-005,
  8.6500000e+004,  2.1358698e-005,
  8.6750000e+004,  2.0844511e-005,
  8.7000000e+004,  2.0858625e-005,
  8.7250000e+004,  2.1028746e-005,
  8.7500000e+004,  2.1200254e-005,
  8.7750000e+004,  2.1826393e-005,
  8.8000000e+004,  2.2471024e-005,
  8.8250000e+004,  2.1171573e-005,
  8.8500000e+004,  1.9572759e-005,
  8.8750000e+004,  2.0246539e-005,
  8.9000000e+004,  2.2138869e-005,
  8.9250000e+004,  2.2364801e-005,
  8.9500000e+004,  2.2093958e-005,
  8.9750000e+004,  2.1474674e-005,
  9.0000000e+004,  2.0901025e-005,
  9.0250000e+004,  2.1620530e-005,
  9.0500000e+004,  2.1664479e-005,
  9.0750000e+004,  2.0957693e-005,
  9.1000000e+004,  2.1811623e-005,
  9.1250000e+004,  2.1503766e-005,
  9.1500000e+004,  2.1445622e-005,
  9.1750000e+004,  2.1257732e-005,
  9.2000000e+004,  2.0453159e-005,
  9.2250000e+004,  1.9257357e-005,
  9.2500000e+004,  2.0480867e-005,
  9.2750000e+004,  2.2019306e-005,
  9.3000000e+004,  2.3386616e-005,
  9.3250000e+004,  2.2823607e-005,
  9.3500000e+004,  2.1416606e-005,
  9.3750000e+004,  2.1959768e-005,
  9.4000000e+004,  2.2715719e-005,
  9.4250000e+004,  2.1445622e-005,
  9.4500000e+004,  1.9692363e-005,
  9.4750000e+004,  1.9719040e-005,
  9.5000000e+004,  2.2093958e-005,
  9.5250000e+004,  2.2746492e-005,
  9.5500000e+004,  2.2064068e-005,
  9.5750000e+004,  2.1620530e-005,
  9.6000000e+004,  2.1387633e-005,
  9.6250000e+004,  2.0929340e-005,
  9.6500000e+004,  1.9906798e-005,
  9.6750000e+004,  1.9559515e-005,
  9.7000000e+004,  2.0915178e-005,
  9.7250000e+004,  2.1826393e-005,
  9.7500000e+004,  2.1431110e-005,
  9.7750000e+004,  2.2093958e-005,
  9.8000000e+004,  2.3370791e-005,
  9.8250000e+004,  2.3402452e-005,
  9.8500000e+004,  2.4504825e-005,
  9.8750000e+004,  2.6132394e-005,
  9.9000000e+004,  2.6922419e-005,
  9.9250000e+004,  2.3307597e-005,
  9.9500000e+004,  2.1723216e-005,
  9.9750000e+004,  2.2623647e-005,
